	63		64		65		66		67	
-1	[ ]		[ ]		[ ]		[ ]		[ ]		
0	[ ]		 7		 2		 0		[ ]		
1	[ ]		[*]		[ ]		[ ]		[ ]		

	101		102		103		104		105	
-1	[ ]		[ ]		[ ]		[ ]		[ ]		
0	[ ]		 2		 8		 6		[ ]		
1	[ ]		[ ]		[ ]		[ ]		[*]		

	2		3		4		5		6	
0	[ ]		[ ]		[ ]		[ ]		[ ]		
1	[ ]		 9		 1		 0		[ ]		
2	[ ]		[ ]		[*]		[ ]		[ ]		

	121		122		123		124		125	
0	[ ]		[ ]		[ ]		[ ]		[ ]		
1	[ ]		 9		 7		 1		[ ]		
2	[ ]		[*]		[ ]		[ ]		[ ]		

	22		23		24		25		26	
1	[ ]		[ ]		[ ]		[ ]		[ ]		
2	[ ]		 8		 4		 6		[ ]		
3	[*]		[ ]		[ ]		[ ]		[ ]		

	63		64		65		66		67	
1	[ ]		[*]		[ ]		[ ]		[ ]		
2	[ ]		 7		 3		 0		[ ]		
3	[ ]		[ ]		[ ]		[ ]		[ ]		

	104		105		106		107		108	
1	[ ]		[*]		[ ]		[ ]		[ ]		
2	[ ]		 7		 9		 8		[ ]		
3	[ ]		[ ]		[ ]		[ ]		[ ]		

	3		4		5		6		7	
2	[ ]		[*]		[ ]		[ ]		[ ]		
3	[ ]		 5		 5		 5		[ ]		
4	[ ]		[ ]		[ ]		[ ]		[ ]		

	44		45		46		47		48	
2	[ ]		[ ]		[ ]		[ ]		[ ]		
3	[ ]		 9		 8		 0		[ ]		
4	[ ]		[ ]		[*]		[ ]		[ ]		

	76		77		78		79		80	
2	[ ]		[ ]		[ ]		[ ]		[ ]		
3	[ ]		 4		 9		 5		[ ]		
4	[*]		[ ]		[ ]		[ ]		[ ]		

	95		96		97		98		99	
2	[ ]		[ ]		[ ]		[ ]		[*]		
3	[ ]		 6		 3		 8		[ ]		
4	[ ]		[ ]		[ ]		[ ]		[ ]		

	99		100		101		102		103	
2	[*]		[ ]		[ ]		[ ]		[ ]		
3	[ ]		 1		 1		 1		[ ]		
4	[ ]		[ ]		[ ]		[ ]		[ ]		

	112		113		114		115		116	
2	[ ]		[ ]		[ ]		[ ]		[ ]		
3	[*]		 4		 9		 0		[ ]		
4	[ ]		[ ]		[ ]		[ ]		[ ]		

	118		119		120		121		122	
2	[ ]		[ ]		[ ]		[ ]		[*]		
3	[ ]		 1		 2		 4		[ ]		
4	[ ]		[ ]		[ ]		[ ]		[ ]		

	21		22		23		24		25	
3	[ ]		[*]		[ ]		[ ]		[ ]		
4	[ ]		 1		 7		 6		[ ]		
5	[ ]		[ ]		[ ]		[ ]		[ ]		

	72		73		74		75		76	
3	[ ]		[ ]		[ ]		[ ]		[ ]		
4	[ ]		 1		 4		 4		[*]		
5	[ ]		[ ]		[ ]		[ ]		[ ]		

	108		109		110		111		112	
3	[ ]		[ ]		[ ]		[ ]		[*]		
4	[ ]		 7		 4		 5		[ ]		
5	[ ]		[ ]		[ ]		[ ]		[ ]		

	2		3		4		5		6	
4	[ ]		[ ]		[ ]		[ ]		[ ]		
5	[ ]		 5		 0		 9		[ ]		
6	[ ]		[ ]		[ ]		[*]		[ ]		

	43		44		45		46		47	
4	[ ]		[ ]		[ ]		[*]		[ ]		
5	[ ]		 7		 4		 4		[ ]		
6	[ ]		[ ]		[ ]		[ ]		[ ]		

	50		51		52		53		54	
4	[ ]		[ ]		[ ]		[ ]		[ ]		
5	[ ]		 5		 8		 6		[ ]		
6	[ ]		[*]		[ ]		[ ]		[ ]		

	115		116		117		118		119	
4	[ ]		[ ]		[ ]		[ ]		[ ]		
5	[ ]		 7		 5		 9		[ ]		
6	[*]		[ ]		[ ]		[ ]		[ ]		

	111		112		113		114		115	
5	[ ]		[ ]		[ ]		[ ]		[ ]		
6	[ ]		 8		 7		 0		[*]		
7	[ ]		[ ]		[ ]		[ ]		[ ]		

	4		5		6		7	
6	[ ]		[*]		[ ]		[ ]		
7	[ ]		 2		 3		[ ]		
8	[ ]		[ ]		[ ]		[ ]		

	36		37		38		39	
6	[ ]		[ ]		[ ]		[ ]		
7	[ ]		 1		 7		[ ]		
8	[ ]		[ ]		[*]		[ ]		

	50		51		52		53		54	
6	[ ]		[*]		[ ]		[ ]		[ ]		
7	[ ]		 3		 2		 9		[ ]		
8	[ ]		[ ]		[ ]		[ ]		[ ]		

	135		136		137		138	
6	[ ]		[ ]		[ ]		[ ]		
7	[ ]		 1		 9		[ ]		
8	[*]		[ ]		[ ]		[ ]		

	14		15		16		17		18	
8	[ ]		[ ]		[ ]		[ ]		[ ]		
9	[ ]		 3		 3		 4		[ ]		
10	[ ]		[ ]		[ ]		[ ]		[*]		

	34		35		36		37		38	
8	[ ]		[ ]		[ ]		[ ]		[*]		
9	[ ]		 8		 1		 7		[ ]		
10	[ ]		[ ]		[ ]		[ ]		[ ]		

	46		47		48		49		50	
8	[ ]		[ ]		[ ]		[ ]		[ ]		
9	[ ]		 3		 0		 2		[ ]		
10	[*]		[ ]		[ ]		[ ]		[ ]		

	83		84		85		86		87	
8	[ ]		[ ]		[ ]		[ ]		[ ]		
9	[ ]		 6		 2		 8		[ ]		
10	[ ]		[ ]		[ ]		[ ]		[*]		

	135		136		137		138		139	
8	[*]		[ ]		[ ]		[ ]		[ ]		
9	[ ]		 8		 8		 5		[ ]		
10	[ ]		[ ]		[ ]		[ ]		[ ]		

	3		4		5		6		7	
9	[ ]		[ ]		[ ]		[ ]		[ ]		
10	[ ]		 2		 2		 8		[ ]		
11	[ ]		[ ]		[ ]		[ ]		[*]		

	21		22		23		24		25	
9	[ ]		[ ]		[ ]		[ ]		[ ]		
10	[ ]		 1		 8		 3		[ ]		
11	[*]		[ ]		[ ]		[ ]		[ ]		

	42		43		44		45		46	
9	[ ]		[ ]		[ ]		[ ]		[ ]		
10	[ ]		 1		 6		 9		[*]		
11	[ ]		[ ]		[ ]		[ ]		[ ]		

	90		91		92		93		94	
9	[ ]		[ ]		[ ]		[ ]		[ ]		
10	[ ]		 2		 3		 0		[ ]		
11	[ ]		[*]		[ ]		[ ]		[ ]		

	105		106		107		108	
9	[ ]		[ ]		[ ]		[ ]		
10	[ ]		 4		 5		[ ]		
11	[ ]		[ ]		[ ]		[*]		

	117		118		119		120		121	
9	[ ]		[ ]		[ ]		[ ]		[ ]		
10	[ ]		 2		 0		 0		[ ]		
11	[ ]		[ ]		[*]		[ ]		[ ]		

	15		16		17		18		19	
10	[ ]		[ ]		[ ]		[*]		[ ]		
11	[ ]		 9		 2		 0		[ ]		
12	[ ]		[ ]		[ ]		[ ]		[ ]		

	61		62		63		64	
10	[ ]		[ ]		[ ]		[ ]		
11	[ ]		 6		 0		[ ]		
12	[ ]		[ ]		[*]		[ ]		

	86		87		88		89		90	
10	[ ]		[*]		[ ]		[ ]		[ ]		
11	[ ]		 7		 6		 6		[ ]		
12	[ ]		[ ]		[ ]		[ ]		[ ]		

	94		95		96		97		98	
10	[ ]		[ ]		[ ]		[ ]		[ ]		
11	[ ]		 8		 1		 5		[ ]		
12	[ ]		[ ]		[ ]		[*]		[ ]		

	6		7		8		9		10	
11	[ ]		[*]		[ ]		[ ]		[ ]		
12	[ ]		 6		 2		 3		[ ]		
13	[ ]		[ ]		[ ]		[ ]		[ ]		

	19		20		21		22		23	
11	[ ]		[ ]		[*]		[ ]		[ ]		
12	[ ]		 1		 8		 3		[ ]		
13	[ ]		[ ]		[ ]		[ ]		[ ]		

	32		33		34		35		36	
11	[ ]		[ ]		[ ]		[ ]		[ ]		
12	[ ]		 4		 6		 0		[ ]		
13	[*]		[ ]		[ ]		[ ]		[ ]		

	90		91		92		93		94	
11	[ ]		[*]		[ ]		[ ]		[ ]		
12	[ ]		 7		 5		 9		[ ]		
13	[ ]		[ ]		[ ]		[ ]		[ ]		

	108		109		110		111	
11	[*]		[ ]		[ ]		[ ]		
12	[ ]		 8		 4		[ ]		
13	[ ]		[ ]		[ ]		[ ]		

	116		117		118		119		120	
11	[ ]		[ ]		[ ]		[*]		[ ]		
12	[ ]		 9		 2		 8		[ ]		
13	[ ]		[ ]		[ ]		[ ]		[ ]		

	123		124		125		126		127	
11	[ ]		[ ]		[ ]		[ ]		[ ]		
12	[ ]		 9		 0		 6		[ ]		
13	[*]		[ ]		[ ]		[ ]		[ ]		

	128		129		130		131		132	
11	[ ]		[ ]		[ ]		[ ]		[ ]		
12	[ ]		 4		 7		 0		[ ]		
13	[ ]		[ ]		[ ]		[*]		[ ]		

	61		62		63		64		65	
12	[ ]		[ ]		[*]		[ ]		[ ]		
13	[ ]		 1		 8		 7		[ ]		
14	[ ]		[ ]		[ ]		[ ]		[ ]		

	96		97		98		99		100	
12	[ ]		[*]		[ ]		[ ]		[ ]		
13	[ ]		 4		 1		 3		[ ]		
14	[ ]		[ ]		[ ]		[ ]		[ ]		

	32		33		34		35		36	
13	[*]		[ ]		[ ]		[ ]		[ ]		
14	[ ]		 2		 2		 0		[ ]		
15	[ ]		[ ]		[ ]		[ ]		[ ]		

	71		72		73		74		75	
13	[ ]		[ ]		[ ]		[ ]		[ ]		
14	[ ]		 5		 5		 3		[ ]		
15	[ ]		[ ]		[ ]		[*]		[ ]		

	114		115		116		117		118	
13	[ ]		[ ]		[ ]		[ ]		[ ]		
14	[ ]		 3		 7		 3		[ ]		
15	[*]		[ ]		[ ]		[ ]		[ ]		

	121		122		123		124		125	
13	[ ]		[ ]		[*]		[ ]		[ ]		
14	[ ]		 7		 0		 6		[ ]		
15	[ ]		[ ]		[ ]		[ ]		[ ]		

	131		132		133		134		135	
13	[*]		[ ]		[ ]		[ ]		[ ]		
14	[ ]		 2		 7		 4		[ ]		
15	[ ]		[ ]		[ ]		[ ]		[ ]		

	4		5		6		7		8	
14	[ ]		[ ]		[ ]		[ ]		[ ]		
15	[ ]		 6		 8		 8		[ ]		
16	[ ]		[ ]		[*]		[ ]		[ ]		

	9		10		11		12		13	
14	[ ]		[ ]		[ ]		[ ]		[ ]		
15	[ ]		 2		 7		 9		[ ]		
16	[ ]		[ ]		[ ]		[ ]		[*]		

	20		21		22		23		24	
14	[ ]		[ ]		[ ]		[ ]		[ ]		
15	[ ]		 4		 4		 1		[ ]		
16	[ ]		[ ]		[ ]		[ ]		[*]		

	38		39		40		41		42	
14	[ ]		[ ]		[ ]		[ ]		[ ]		
15	[ ]		 3		 2		 0		[ ]		
16	[*]		[ ]		[ ]		[ ]		[ ]		

	91		92		93		94		95	
14	[ ]		[ ]		[ ]		[ ]		[*]		
15	[ ]		 1		 3		 9		[ ]		
16	[ ]		[ ]		[ ]		[ ]		[ ]		

	95		96		97		98		99	
14	[*]		[ ]		[ ]		[ ]		[ ]		
15	[ ]		 2		 1		 6		[ ]		
16	[ ]		[ ]		[ ]		[ ]		[ ]		

	13		14		15		16		17	
15	[ ]		[ ]		[ ]		[ ]		[ ]		
16	[*]		 3		 9		 9		[ ]		
17	[ ]		[ ]		[ ]		[ ]		[ ]		

	25		26		27		28		29	
15	[ ]		[ ]		[ ]		[ ]		[ ]		
16	[ ]		 5		 0		 6		[ ]		
17	[ ]		[ ]		[ ]		[*]		[ ]		

	72		73		74		75		76	
15	[ ]		[ ]		[*]		[ ]		[ ]		
16	[ ]		 6		 1		 0		[ ]		
17	[ ]		[ ]		[ ]		[ ]		[ ]		

	113		114		115		116		117	
15	[ ]		[*]		[ ]		[ ]		[ ]		
16	[ ]		 2		 3		 0		[ ]		
17	[ ]		[ ]		[ ]		[ ]		[ ]		

	2		3		4		5		6	
16	[ ]		[ ]		[ ]		[ ]		[*]		
17	[ ]		 2		 2		 1		[ ]		
18	[ ]		[ ]		[ ]		[ ]		[ ]		

	8		9		10		11		12	
16	[ ]		[ ]		[ ]		[ ]		[ ]		
17	[ ]		 1		 1		 1		[ ]		
18	[ ]		[ ]		[ ]		[ ]		[*]		

	20		21		22		23		24	
16	[ ]		[ ]		[ ]		[ ]		[*]		
17	[ ]		 2		 3		 5		[ ]		
18	[ ]		[ ]		[ ]		[ ]		[ ]		

	36		37		38		39		40	
16	[ ]		[ ]		[*]		[ ]		[ ]		
17	[ ]		 3		 1		 9		[ ]		
18	[ ]		[ ]		[ ]		[ ]		[ ]		

	52		53		54		55		56	
16	[ ]		[ ]		[ ]		[ ]		[ ]		
17	[ ]		 5		 0		 3		[ ]		
18	[ ]		[ ]		[ ]		[ ]		[*]		

	94		95		96		97		98	
16	[ ]		[ ]		[ ]		[ ]		[ ]		
17	[ ]		 4		 0		 2		[ ]		
18	[*]		[ ]		[ ]		[ ]		[ ]		

	25		26		27		28		29	
17	[ ]		[ ]		[ ]		[*]		[ ]		
18	[ ]		 9		 9		 2		[ ]		
19	[ ]		[ ]		[ ]		[ ]		[ ]		

	66		67		68		69		70	
17	[ ]		[ ]		[ ]		[ ]		[ ]		
18	[ ]		 9		 4		 5		[ ]		
19	[ ]		[ ]		[ ]		[ ]		[*]		

	70		71		72		73		74	
17	[ ]		[ ]		[ ]		[ ]		[ ]		
18	[ ]		 8		 9		 1		[ ]		
19	[*]		[ ]		[ ]		[ ]		[ ]		

	90		91		92		93		94	
17	[ ]		[ ]		[ ]		[ ]		[ ]		
18	[ ]		 3		 1		 2		[*]		
19	[ ]		[ ]		[ ]		[ ]		[ ]		

	8		9		10		11		12	
18	[ ]		[ ]		[ ]		[ ]		[*]		
19	[ ]		 3		 5		 0		[ ]		
20	[ ]		[ ]		[ ]		[ ]		[ ]		

	36		37		38		39		40	
18	[ ]		[ ]		[ ]		[ ]		[ ]		
19	[ ]		 1		 4		 7		[ ]		
20	[ ]		[ ]		[*]		[ ]		[ ]		

	55		56		57		58		59	
18	[ ]		[*]		[ ]		[ ]		[ ]		
19	[ ]		 4		 8		 3		[ ]		
20	[ ]		[ ]		[ ]		[ ]		[ ]		

	20		21		22		23		24	
19	[ ]		[ ]		[ ]		[ ]		[ ]		
20	[ ]		 1		 4		 6		[*]		
21	[ ]		[ ]		[ ]		[ ]		[ ]		

	24		25		26		27		28	
19	[ ]		[ ]		[ ]		[ ]		[ ]		
20	[*]		 4		 0		 9		[ ]		
21	[ ]		[ ]		[ ]		[ ]		[ ]		

	99		100		101		102		103	
19	[ ]		[ ]		[ ]		[ ]		[ ]		
20	[ ]		 2		 4		 6		[ ]		
21	[ ]		[*]		[ ]		[ ]		[ ]		

	5		6		7		8		9	
20	[ ]		[ ]		[ ]		[ ]		[ ]		
21	[ ]		 4		 4		 0		[ ]		
22	[ ]		[ ]		[*]		[ ]		[ ]		

	29		30		31		32		33	
20	[ ]		[ ]		[ ]		[ ]		[ ]		
21	[ ]		 2		 0		 5		[*]		
22	[ ]		[ ]		[ ]		[ ]		[ ]		

	33		34		35		36		37	
20	[ ]		[ ]		[ ]		[ ]		[ ]		
21	[*]		 4		 2		 1		[ ]		
22	[ ]		[ ]		[ ]		[ ]		[ ]		

	38		39		40		41		42	
20	[*]		[ ]		[ ]		[ ]		[ ]		
21	[ ]		 7		 9		 1		[ ]		
22	[ ]		[ ]		[ ]		[ ]		[ ]		

	64		65		66		67		68	
20	[ ]		[ ]		[ ]		[ ]		[ ]		
21	[ ]		 4		 5		 6		[ ]		
22	[ ]		[ ]		[*]		[ ]		[ ]		

	120		121		122		123		124	
20	[ ]		[ ]		[ ]		[ ]		[ ]		
21	[ ]		 1		 4		 0		[ ]		
22	[*]		[ ]		[ ]		[ ]		[ ]		

	127		128		129		130		131	
20	[ ]		[ ]		[ ]		[ ]		[ ]		
21	[ ]		 5		 1		 1		[ ]		
22	[ ]		[ ]		[*]		[ ]		[ ]		

	74		75		76		77		78	
21	[ ]		[ ]		[ ]		[ ]		[ ]		
22	[ ]		 6		 5		 6		[*]		
23	[ ]		[ ]		[ ]		[ ]		[ ]		

	83		84		85		86		87	
21	[ ]		[ ]		[ ]		[ ]		[ ]		
22	[ ]		 9		 5		 9		[ ]		
23	[*]		[ ]		[ ]		[ ]		[ ]		

	98		99		100		101		102	
21	[ ]		[ ]		[*]		[ ]		[ ]		
22	[ ]		 2		 9		 2		[ ]		
23	[ ]		[ ]		[ ]		[ ]		[ ]		

	4		5		6		7		8	
22	[ ]		[ ]		[ ]		[*]		[ ]		
23	[ ]		 2		 7		 6		[ ]		
24	[ ]		[ ]		[ ]		[ ]		[ ]		

	24		25		26		27		28	
22	[ ]		[ ]		[ ]		[ ]		[ ]		
23	[ ]		 1		 6		 7		[ ]		
24	[ ]		[*]		[ ]		[ ]		[ ]		

	31		32		33		34		35	
22	[ ]		[ ]		[ ]		[ ]		[ ]		
23	[ ]		 1		 0		 8		[ ]		
24	[ ]		[ ]		[*]		[ ]		[ ]		

	35		36		37		38		39	
22	[ ]		[ ]		[ ]		[ ]		[ ]		
23	[ ]		 8		 1		 9		[ ]		
24	[ ]		[ ]		[*]		[ ]		[ ]		

	65		66		67		68		69	
22	[ ]		[*]		[ ]		[ ]		[ ]		
23	[ ]		 9		 5		 0		[ ]		
24	[ ]		[ ]		[ ]		[ ]		[ ]		

	78		79		80		81		82	
22	[*]		[ ]		[ ]		[ ]		[ ]		
23	[ ]		 5		 7		 7		[ ]		
24	[ ]		[ ]		[ ]		[ ]		[ ]		

	93		94		95		96		97	
22	[ ]		[ ]		[ ]		[ ]		[ ]		
23	[ ]		 5		 3		 3		[ ]		
24	[ ]		[ ]		[ ]		[ ]		[*]		

	117		118		119		120		121	
22	[ ]		[ ]		[ ]		[*]		[ ]		
23	[ ]		 3		 2		 3		[ ]		
24	[ ]		[ ]		[ ]		[ ]		[ ]		

	127		128		129		130	
22	[ ]		[ ]		[*]		[ ]		
23	[ ]		 1		 2		[ ]		
24	[ ]		[ ]		[ ]		[ ]		

	44		45		46		47		48	
23	[ ]		[ ]		[ ]		[ ]		[ ]		
24	[ ]		 3		 4		 8		[ ]		
25	[ ]		[ ]		[ ]		[*]		[ ]		

	83		84		85		86		87	
23	[*]		[ ]		[ ]		[ ]		[ ]		
24	[ ]		 3		 0		 8		[ ]		
25	[ ]		[ ]		[ ]		[ ]		[ ]		

	132		133		134		135		136	
23	[ ]		[ ]		[ ]		[ ]		[ ]		
24	[ ]		 5		 5		 8		[ ]		
25	[*]		[ ]		[ ]		[ ]		[ ]		

	18		19		20		21		22	
24	[ ]		[ ]		[ ]		[ ]		[ ]		
25	[ ]		 9		 9		 2		[ ]		
26	[*]		[ ]		[ ]		[ ]		[ ]		

	25		26		27		28		29	
24	[*]		[ ]		[ ]		[ ]		[ ]		
25	[ ]		 5		 1		 2		[ ]		
26	[ ]		[ ]		[ ]		[ ]		[ ]		

	31		32		33		34		35	
24	[ ]		[ ]		[*]		[ ]		[ ]		
25	[ ]		 5		 6		 0		[ ]		
26	[ ]		[ ]		[ ]		[ ]		[ ]		

	37		38		39		40		41	
24	[*]		[ ]		[ ]		[ ]		[ ]		
25	[ ]		 7		 5		 5		[ ]		
26	[ ]		[ ]		[ ]		[ ]		[ ]		

	93		94		95		96		97	
24	[ ]		[ ]		[ ]		[ ]		[*]		
25	[ ]		 8		 9		 6		[ ]		
26	[ ]		[ ]		[ ]		[ ]		[ ]		

	114		115		116		117		118	
24	[ ]		[ ]		[ ]		[ ]		[ ]		
25	[ ]		 7		 6		 3		[ ]		
26	[ ]		[ ]		[ ]		[ ]		[*]		

	-1		0		1		2		3	
25	[ ]		[ ]		[ ]		[ ]		[ ]		
26	[ ]		 4		 2		 4		[ ]		
27	[ ]		[ ]		[ ]		[ ]		[*]		

	45		46		47		48		49	
25	[ ]		[ ]		[*]		[ ]		[ ]		
26	[ ]		 9		 2		 2		[ ]		
27	[ ]		[ ]		[ ]		[ ]		[ ]		

	73		74		75		76	
25	[ ]		[ ]		[ ]		[ ]		
26	[ ]		 9		 9		[ ]		
27	[ ]		[ ]		[ ]		[*]		

	120		121		122		123	
25	[ ]		[ ]		[ ]		[ ]		
26	[ ]		 1		 4		[ ]		
27	[ ]		[ ]		[*]		[ ]		

	130		131		132		133		134	
25	[ ]		[ ]		[*]		[ ]		[ ]		
26	[ ]		 1		 3		 9		[ ]		
27	[ ]		[ ]		[ ]		[ ]		[ ]		

	15		16		17		18		19	
26	[ ]		[ ]		[ ]		[*]		[ ]		
27	[ ]		 1		 5		 5		[ ]		
28	[ ]		[ ]		[ ]		[ ]		[ ]		

	20		21		22		23		24	
26	[ ]		[ ]		[ ]		[ ]		[*]		
27	[ ]		 4		 1		 7		[ ]		
28	[ ]		[ ]		[ ]		[ ]		[ ]		

	24		25		26		27		28	
26	[*]		[ ]		[ ]		[ ]		[ ]		
27	[ ]		 9		 1		 1		[ ]		
28	[ ]		[ ]		[ ]		[ ]		[ ]		

	54		55		56		57		58	
26	[ ]		[ ]		[ ]		[ ]		[ ]		
27	[ ]		 3		 4		 5		[ ]		
28	[ ]		[*]		[ ]		[ ]		[ ]		

	58		59		60		61		62	
26	[ ]		[ ]		[ ]		[ ]		[ ]		
27	[ ]		 7		 6		 3		[ ]		
28	[ ]		[ ]		[*]		[ ]		[ ]		

	76		77		78	
26	[ ]		[ ]		[ ]		
27	[*]		 6		[ ]		
28	[ ]		[ ]		[ ]		

	114		115		116		117		118	
26	[ ]		[ ]		[ ]		[ ]		[*]		
27	[ ]		 8		 1		 4		[ ]		
28	[ ]		[ ]		[ ]		[ ]		[ ]		

	2		3		4		5		6	
27	[ ]		[*]		[ ]		[ ]		[ ]		
28	[ ]		 1		 4		 7		[ ]		
29	[ ]		[ ]		[ ]		[ ]		[ ]		

	119		120		121		122		123	
27	[ ]		[ ]		[ ]		[*]		[ ]		
28	[ ]		 6		 1		 9		[ ]		
29	[ ]		[ ]		[ ]		[ ]		[ ]		

	54		55		56		57		58	
28	[ ]		[*]		[ ]		[ ]		[ ]		
29	[ ]		 4		 4		 8		[ ]		
30	[ ]		[ ]		[ ]		[ ]		[ ]		

	58		59		60		61		62	
28	[ ]		[ ]		[*]		[ ]		[ ]		
29	[ ]		 7		 1		 0		[ ]		
30	[ ]		[ ]		[ ]		[ ]		[ ]		

	70		71		72		73		74	
28	[ ]		[ ]		[ ]		[ ]		[ ]		
29	[ ]		 4		 2		 7		[ ]		
30	[ ]		[ ]		[ ]		[ ]		[*]		

	49		50		51		52		53	
29	[ ]		[ ]		[ ]		[ ]		[ ]		
30	[ ]		 7		 2		 4		[ ]		
31	[ ]		[ ]		[ ]		[ ]		[*]		

	4		5		6		7		8	
30	[ ]		[ ]		[ ]		[ ]		[ ]		
31	[ ]		 5		 7		 8		[ ]		
32	[ ]		[ ]		[ ]		[ ]		[*]		

	14		15		16		17		18	
30	[ ]		[ ]		[ ]		[ ]		[*]		
31	[ ]		 5		 6		 5		[ ]		
32	[ ]		[ ]		[ ]		[ ]		[ ]		

	18		19		20		21		22	
30	[*]		[ ]		[ ]		[ ]		[ ]		
31	[ ]		 7		 4		 9		[ ]		
32	[ ]		[ ]		[ ]		[ ]		[ ]		

	53		54		55		56		57	
30	[ ]		[ ]		[ ]		[ ]		[ ]		
31	[*]		 7		 8		 6		[ ]		
32	[ ]		[ ]		[ ]		[ ]		[ ]		

	59		60		61		62		63	
30	[ ]		[ ]		[ ]		[ ]		[ ]		
31	[ ]		 3		 0		 5		[ ]		
32	[*]		[ ]		[ ]		[ ]		[ ]		

	72		73		74		75		76	
30	[ ]		[ ]		[*]		[ ]		[ ]		
31	[ ]		 6		 2		 7		[ ]		
32	[ ]		[ ]		[ ]		[ ]		[ ]		

	8		9		10		11		12	
31	[ ]		[ ]		[ ]		[ ]		[ ]		
32	[*]		 1		 3		 5		[ ]		
33	[ ]		[ ]		[ ]		[ ]		[ ]		

	35		36		37		38		39	
31	[ ]		[ ]		[ ]		[ ]		[ ]		
32	[ ]		 7		 8		 6		[ ]		
33	[ ]		[ ]		[ ]		[ ]		[*]		

	47		48		49		50		51	
31	[ ]		[ ]		[ ]		[ ]		[ ]		
32	[ ]		 9		 1		 1		[ ]		
33	[ ]		[ ]		[ ]		[*]		[ ]		

	80		81		82		83		84	
31	[ ]		[ ]		[ ]		[ ]		[ ]		
32	[ ]		 1		 9		 3		[ ]		
33	[ ]		[*]		[ ]		[ ]		[ ]		

	96		97		98		99		100	
31	[ ]		[ ]		[ ]		[ ]		[ ]		
32	[ ]		 8		 6		 2		[ ]		
33	[*]		[ ]		[ ]		[ ]		[ ]		

	111		112		113		114		115	
31	[ ]		[ ]		[ ]		[ ]		[ ]		
32	[ ]		 8		 7		 9		[ ]		
33	[ ]		[*]		[ ]		[ ]		[ ]		

	126		127		128		129		130	
31	[ ]		[ ]		[ ]		[ ]		[ ]		
32	[ ]		 6		 8		 1		[ ]		
33	[ ]		[ ]		[ ]		[ ]		[*]		

	130		131		132		133		134	
31	[ ]		[ ]		[ ]		[ ]		[ ]		
32	[ ]		 5		 9		 8		[ ]		
33	[*]		[ ]		[ ]		[ ]		[ ]		

	39		40		41		42		43	
32	[ ]		[ ]		[ ]		[ ]		[ ]		
33	[*]		 1		 0		 5		[ ]		
34	[ ]		[ ]		[ ]		[ ]		[ ]		

	56		57		58		59		60	
32	[ ]		[ ]		[ ]		[*]		[ ]		
33	[ ]		 6		 8		 2		[ ]		
34	[ ]		[ ]		[ ]		[ ]		[ ]		

	62		63		64		65		66	
32	[ ]		[ ]		[ ]		[ ]		[*]		
33	[ ]		 6		 8		 3		[ ]		
34	[ ]		[ ]		[ ]		[ ]		[ ]		

	66		67		68		69	
32	[*]		[ ]		[ ]		[ ]		
33	[ ]		 5		 3		[ ]		
34	[ ]		[ ]		[ ]		[ ]		

	11		12		13		14		15	
33	[ ]		[ ]		[ ]		[ ]		[ ]		
34	[ ]		 8		 9		 9		[ ]		
35	[ ]		[ ]		[ ]		[ ]		[*]		

	20		21		22		23		24	
33	[ ]		[ ]		[ ]		[ ]		[ ]		
34	[ ]		 2		 3		 0		[ ]		
35	[ ]		[ ]		[ ]		[*]		[ ]		

	44		45		46		47		48	
33	[ ]		[ ]		[ ]		[ ]		[ ]		
34	[ ]		 7		 9		 2		[ ]		
35	[*]		[ ]		[ ]		[ ]		[ ]		

	50		51		52		53		54	
33	[*]		[ ]		[ ]		[ ]		[ ]		
34	[ ]		 7		 7		 9		[ ]		
35	[ ]		[ ]		[ ]		[ ]		[ ]		

	80		81		82		83		84	
33	[ ]		[*]		[ ]		[ ]		[ ]		
34	[ ]		 9		 1		 8		[ ]		
35	[ ]		[ ]		[ ]		[ ]		[ ]		

	91		92		93		94		95	
33	[ ]		[ ]		[ ]		[ ]		[ ]		
34	[ ]		 7		 3		 1		[ ]		
35	[ ]		[ ]		[ ]		[ ]		[*]		

	96		97		98		99		100	
33	[*]		[ ]		[ ]		[ ]		[ ]		
34	[ ]		 2		 3		 3		[ ]		
35	[ ]		[ ]		[ ]		[ ]		[ ]		

	110		111		112		113		114	
33	[ ]		[ ]		[*]		[ ]		[ ]		
34	[ ]		 4		 9		 6		[ ]		
35	[ ]		[ ]		[ ]		[ ]		[ ]		

	131		132		133		134		135	
33	[ ]		[ ]		[ ]		[ ]		[ ]		
34	[ ]		 1		 0		 9		[ ]		
35	[ ]		[ ]		[ ]		[*]		[ ]		

	2		3		4		5		6	
34	[ ]		[ ]		[ ]		[ ]		[ ]		
35	[ ]		 9		 0		 5		[ ]		
36	[ ]		[ ]		[*]		[ ]		[ ]		

	33		34		35		36		37	
34	[ ]		[ ]		[ ]		[ ]		[ ]		
35	[ ]		 5		 5		 0		[*]		
36	[ ]		[ ]		[ ]		[ ]		[ ]		

	37		38		39		40		41	
34	[ ]		[ ]		[ ]		[ ]		[ ]		
35	[*]		 6		 7		 5		[ ]		
36	[ ]		[ ]		[ ]		[ ]		[ ]		

	7		8		9		10		11	
35	[ ]		[ ]		[ ]		[ ]		[ ]		
36	[ ]		 1		 4		 6		[ ]		
37	[ ]		[ ]		[*]		[ ]		[ ]		

	11		12		13		14		15	
35	[ ]		[ ]		[ ]		[ ]		[*]		
36	[ ]		 1		 7		 1		[ ]		
37	[ ]		[ ]		[ ]		[ ]		[ ]		

	22		23		24		25		26	
35	[ ]		[*]		[ ]		[ ]		[ ]		
36	[ ]		 1		 6		 2		[ ]		
37	[ ]		[ ]		[ ]		[ ]		[ ]		

	42		43		44		45		46	
35	[ ]		[ ]		[*]		[ ]		[ ]		
36	[ ]		 6		 1		 3		[ ]		
37	[ ]		[ ]		[ ]		[ ]		[ ]		

	59		60		61		62		63	
35	[ ]		[ ]		[ ]		[ ]		[ ]		
36	[ ]		 5		 6		 3		[ ]		
37	[ ]		[ ]		[*]		[ ]		[ ]		

	63		64		65		66		67	
35	[ ]		[ ]		[ ]		[ ]		[ ]		
36	[ ]		 3		 2		 1		[ ]		
37	[ ]		[ ]		[ ]		[ ]		[*]		

	72		73		74		75		76	
35	[ ]		[ ]		[ ]		[ ]		[ ]		
36	[ ]		 6		 4		 8		[ ]		
37	[*]		[ ]		[ ]		[ ]		[ ]		

	92		93		94		95		96	
35	[ ]		[ ]		[ ]		[*]		[ ]		
36	[ ]		 2		 7		 8		[ ]		
37	[ ]		[ ]		[ ]		[ ]		[ ]		

	114		115		116		117		118	
35	[ ]		[ ]		[ ]		[ ]		[ ]		
36	[ ]		 5		 1		 9		[ ]		
37	[ ]		[ ]		[*]		[ ]		[ ]		

	132		133		134		135		136	
35	[ ]		[ ]		[*]		[ ]		[ ]		
36	[ ]		 5		 7		 3		[ ]		
37	[ ]		[ ]		[ ]		[ ]		[ ]		

	1		2		3		4		5	
36	[ ]		[ ]		[ ]		[*]		[ ]		
37	[ ]		 1		 3		 4		[ ]		
38	[ ]		[ ]		[ ]		[ ]		[ ]		

	33		34		35		36		37	
36	[ ]		[ ]		[ ]		[ ]		[ ]		
37	[ ]		 8		 1		 5		[*]		
38	[ ]		[ ]		[ ]		[ ]		[ ]		

	37		38		39		40	
36	[ ]		[ ]		[ ]		[ ]		
37	[*]		 2		 0		[ ]		
38	[ ]		[ ]		[ ]		[ ]		

	53		54		55		56		57	
36	[ ]		[ ]		[ ]		[ ]		[ ]		
37	[ ]		 2		 8		 6		[ ]		
38	[ ]		[ ]		[ ]		[*]		[ ]		

	83		84		85		86		87	
36	[ ]		[ ]		[ ]		[ ]		[ ]		
37	[ ]		 2		 6		 1		[ ]		
38	[ ]		[ ]		[ ]		[ ]		[*]		

	5		6		7		8		9	
37	[ ]		[ ]		[ ]		[ ]		[*]		
38	[ ]		 8		 7		 2		[ ]		
39	[ ]		[ ]		[ ]		[ ]		[ ]		

	58		59		60		61		62	
37	[ ]		[ ]		[ ]		[*]		[ ]		
38	[ ]		 9		 7		 1		[ ]		
39	[ ]		[ ]		[ ]		[ ]		[ ]		

	63		64		65		66		67	
37	[ ]		[ ]		[ ]		[ ]		[*]		
38	[ ]		 6		 6		 9		[ ]		
39	[ ]		[ ]		[ ]		[ ]		[ ]		

	70		71		72		73		74	
37	[ ]		[ ]		[*]		[ ]		[ ]		
38	[ ]		 7		 3		 3		[ ]		
39	[ ]		[ ]		[ ]		[ ]		[ ]		

	97		98		99		100		101	
37	[ ]		[ ]		[ ]		[ ]		[ ]		
38	[ ]		 6		 1		 0		[ ]		
39	[ ]		[*]		[ ]		[ ]		[ ]		

	112		113		114		115		116	
37	[ ]		[ ]		[ ]		[ ]		[*]		
38	[ ]		 9		 8		 3		[ ]		
39	[ ]		[ ]		[ ]		[ ]		[ ]		

	-1		0		1		2		3	
38	[ ]		[ ]		[ ]		[ ]		[ ]		
39	[ ]		 6		 0		 1		[ ]		
40	[ ]		[ ]		[ ]		[ ]		[*]		

	24		25		26		27		28	
38	[ ]		[ ]		[ ]		[ ]		[ ]		
39	[ ]		 1		 0		 9		[ ]		
40	[*]		[ ]		[ ]		[ ]		[ ]		

	37		38		39		40		41	
38	[ ]		[ ]		[ ]		[ ]		[ ]		
39	[ ]		 3		 1		 7		[ ]		
40	[*]		[ ]		[ ]		[ ]		[ ]		

	54		55		56		57		58	
38	[ ]		[ ]		[*]		[ ]		[ ]		
39	[ ]		 4		 2		 4		[ ]		
40	[ ]		[ ]		[ ]		[ ]		[ ]		

	85		86		87		88		89	
38	[ ]		[ ]		[*]		[ ]		[ ]		
39	[ ]		 2		 9		 8		[ ]		
40	[ ]		[ ]		[ ]		[ ]		[ ]		

	41		42		43		44		45	
39	[ ]		[ ]		[ ]		[ ]		[ ]		
40	[ ]		 3		 1		 6		[ ]		
41	[ ]		[ ]		[ ]		[ ]		[*]		

	45		46		47		48		49	
39	[ ]		[ ]		[ ]		[ ]		[ ]		
40	[ ]		 2		 0		 1		[ ]		
41	[*]		[ ]		[ ]		[ ]		[ ]		

	59		60		61		62		63	
39	[ ]		[ ]		[ ]		[ ]		[ ]		
40	[ ]		 9		 3		 5		[*]		
41	[ ]		[ ]		[ ]		[ ]		[ ]		

	95		96		97		98	
39	[ ]		[ ]		[ ]		[*]		
40	[ ]		 2		 2		[ ]		
41	[ ]		[ ]		[ ]		[ ]		

	122		123		124		125		126	
39	[ ]		[ ]		[ ]		[ ]		[ ]		
40	[ ]		 5		 5		 7		[ ]		
41	[*]		[ ]		[ ]		[ ]		[ ]		

	133		134		135	
39	[ ]		[ ]		[ ]		
40	[ ]		 4		[ ]		
41	[ ]		[ ]		[*]		

	1		2		3		4		5	
40	[ ]		[ ]		[*]		[ ]		[ ]		
41	[ ]		 7		 4		 5		[ ]		
42	[ ]		[ ]		[ ]		[ ]		[ ]		

	21		22		23		24		25	
40	[ ]		[ ]		[ ]		[*]		[ ]		
41	[ ]		 9		 8		 9		[ ]		
42	[ ]		[ ]		[ ]		[ ]		[ ]		

	34		35		36		37		38	
40	[ ]		[ ]		[ ]		[*]		[ ]		
41	[ ]		 5		 8		 2		[ ]		
42	[ ]		[ ]		[ ]		[ ]		[ ]		

	63		64		65		66		67	
40	[*]		[ ]		[ ]		[ ]		[ ]		
41	[ ]		 2		 7		 7		[ ]		
42	[ ]		[ ]		[ ]		[ ]		[ ]		

	118		119		120		121		122	
40	[ ]		[ ]		[ ]		[ ]		[ ]		
41	[ ]		 5		 2		 0		[*]		
42	[ ]		[ ]		[ ]		[ ]		[ ]		

	96		97		98		99		100	
41	[ ]		[ ]		[ ]		[ ]		[ ]		
42	[ ]		 9		 4		 0		[ ]		
43	[ ]		[ ]		[*]		[ ]		[ ]		

	128		129		130		131		132	
41	[ ]		[ ]		[ ]		[ ]		[ ]		
42	[ ]		 2		 8		 1		[ ]		
43	[ ]		[ ]		[ ]		[ ]		[*]		

	133		134		135		136		137	
41	[ ]		[ ]		[*]		[ ]		[ ]		
42	[ ]		 2		 1		 6		[ ]		
43	[ ]		[ ]		[ ]		[ ]		[ ]		

	69		70		71		72		73	
42	[ ]		[ ]		[ ]		[ ]		[ ]		
43	[ ]		 5		 4		 8		[ ]		
44	[ ]		[ ]		[ ]		[*]		[ ]		

	1		2		3		4	
43	[ ]		[ ]		[ ]		[ ]		
44	[ ]		 5		 7		[*]		
45	[ ]		[ ]		[ ]		[ ]		

	10		11		12		13		14	
43	[ ]		[ ]		[ ]		[ ]		[ ]		
44	[ ]		 1		 3		 1		[*]		
45	[ ]		[ ]		[ ]		[ ]		[ ]		

	23		24		25		26		27	
43	[ ]		[ ]		[ ]		[ ]		[ ]		
44	[ ]		 4		 3		 6		[*]		
45	[ ]		[ ]		[ ]		[ ]		[ ]		

	27		28		29		30		31	
43	[ ]		[ ]		[ ]		[ ]		[ ]		
44	[*]		 3		 7		 5		[ ]		
45	[ ]		[ ]		[ ]		[ ]		[ ]		

	56		57		58		59		60	
43	[ ]		[ ]		[ ]		[ ]		[*]		
44	[ ]		 3		 0		 5		[ ]		
45	[ ]		[ ]		[ ]		[ ]		[ ]		

	60		61		62		63		64	
43	[*]		[ ]		[ ]		[ ]		[ ]		
44	[ ]		 4		 3		 5		[ ]		
45	[ ]		[ ]		[ ]		[ ]		[ ]		

	83		84		85		86		87	
43	[ ]		[ ]		[ ]		[ ]		[ ]		
44	[ ]		 6		 7		 4		[ ]		
45	[ ]		[ ]		[ ]		[*]		[ ]		

	96		97		98		99		100	
43	[ ]		[ ]		[*]		[ ]		[ ]		
44	[ ]		 2		 4		 5		[ ]		
45	[ ]		[ ]		[ ]		[ ]		[ ]		

	128		129		130		131		132	
43	[ ]		[ ]		[ ]		[ ]		[*]		
44	[ ]		 8		 1		 2		[ ]		
45	[ ]		[ ]		[ ]		[ ]		[ ]		

	133		134		135		136		137	
43	[ ]		[ ]		[ ]		[ ]		[ ]		
44	[ ]		 7		 0		 7		[ ]		
45	[ ]		[ ]		[*]		[ ]		[ ]		

	4		5		6		7		8	
44	[*]		[ ]		[ ]		[ ]		[ ]		
45	[ ]		 4		 4		 0		[ ]		
46	[ ]		[ ]		[ ]		[ ]		[ ]		

	14		15		16		17		18	
44	[*]		[ ]		[ ]		[ ]		[ ]		
45	[ ]		 3		 1		 8		[ ]		
46	[ ]		[ ]		[ ]		[ ]		[ ]		

	18		19		20		21		22	
44	[ ]		[ ]		[ ]		[ ]		[ ]		
45	[ ]		 5		 2		 5		[ ]		
46	[ ]		[*]		[ ]		[ ]		[ ]		

	72		73		74		75		76	
44	[*]		[ ]		[ ]		[ ]		[ ]		
45	[ ]		 5		 4		 0		[ ]		
46	[ ]		[ ]		[ ]		[ ]		[ ]		

	43		44		45		46		47	
45	[ ]		[ ]		[ ]		[ ]		[*]		
46	[ ]		 9		 2		 7		[ ]		
47	[ ]		[ ]		[ ]		[ ]		[ ]		

	47		48		49		50		51	
45	[*]		[ ]		[ ]		[ ]		[ ]		
46	[ ]		 7		 8		 5		[ ]		
47	[ ]		[ ]		[ ]		[ ]		[ ]		

	84		85		86		87		88	
45	[ ]		[ ]		[*]		[ ]		[ ]		
46	[ ]		 5		 0		 9		[ ]		
47	[ ]		[ ]		[ ]		[ ]		[ ]		

	94		95		96		97	
45	[ ]		[ ]		[ ]		[ ]		
46	[ ]		 4		 5		[ ]		
47	[*]		[ ]		[ ]		[ ]		

	112		113		114		115		116	
45	[ ]		[ ]		[ ]		[ ]		[ ]		
46	[ ]		 8		 4		 9		[*]		
47	[ ]		[ ]		[ ]		[ ]		[ ]		

	132		133		134		135		136	
45	[ ]		[ ]		[ ]		[*]		[ ]		
46	[ ]		 9		 9		 3		[ ]		
47	[ ]		[ ]		[ ]		[ ]		[ ]		

	1		2		3		4		5	
46	[ ]		[ ]		[ ]		[ ]		[ ]		
47	[ ]		 3		 6		 2		[*]		
48	[ ]		[ ]		[ ]		[ ]		[ ]		

	5		6		7		8		9	
46	[ ]		[ ]		[ ]		[ ]		[ ]		
47	[*]		 5		 4		 1		[ ]		
48	[ ]		[ ]		[ ]		[ ]		[ ]		

	18		19		20		21		22	
46	[ ]		[*]		[ ]		[ ]		[ ]		
47	[ ]		 3		 9		 3		[ ]		
48	[ ]		[ ]		[ ]		[ ]		[ ]		

	59		60		61		62		63	
46	[ ]		[ ]		[ ]		[ ]		[ ]		
47	[ ]		 3		 6		 5		[ ]		
48	[ ]		[*]		[ ]		[ ]		[ ]		

	116		117		118		119		120	
46	[*]		[ ]		[ ]		[ ]		[ ]		
47	[ ]		 2		 5		 6		[ ]		
48	[ ]		[ ]		[ ]		[ ]		[ ]		

	23		24		25		26		27	
47	[ ]		[ ]		[ ]		[ ]		[ ]		
48	[ ]		 5		 6		 8		[ ]		
49	[ ]		[*]		[ ]		[ ]		[ ]		

	93		94		95		96		97	
47	[ ]		[*]		[ ]		[ ]		[ ]		
48	[ ]		 5		 4		 7		[ ]		
49	[ ]		[ ]		[ ]		[ ]		[ ]		

	58		59		60		61		62	
48	[ ]		[ ]		[*]		[ ]		[ ]		
49	[ ]		 1		 4		 4		[ ]		
50	[ ]		[ ]		[ ]		[ ]		[ ]		

	107		108		109		110		111	
48	[ ]		[ ]		[ ]		[ ]		[ ]		
49	[ ]		 5		 9		 3		[ ]		
50	[ ]		[*]		[ ]		[ ]		[ ]		

	124		125		126		127		128	
48	[ ]		[ ]		[ ]		[ ]		[ ]		
49	[ ]		 8		 2		 2		[ ]		
50	[ ]		[ ]		[*]		[ ]		[ ]		

	132		133		134		135		136	
48	[ ]		[ ]		[ ]		[ ]		[ ]		
49	[ ]		 4		 5		 0		[ ]		
50	[ ]		[ ]		[*]		[ ]		[ ]		

	13		14		15		16		17	
49	[ ]		[ ]		[ ]		[ ]		[ ]		
50	[ ]		 5		 1		 8		[ ]		
51	[ ]		[ ]		[ ]		[*]		[ ]		

	20		21		22		23		24	
49	[ ]		[ ]		[ ]		[ ]		[*]		
50	[ ]		 4		 4		 2		[ ]		
51	[ ]		[ ]		[ ]		[ ]		[ ]		

	51		52		53		54		55	
49	[ ]		[ ]		[ ]		[ ]		[ ]		
50	[ ]		 5		 2		 1		[ ]		
51	[*]		[ ]		[ ]		[ ]		[ ]		

	67		68		69		70		71	
49	[ ]		[ ]		[ ]		[ ]		[ ]		
50	[ ]		 8		 8		 4		[ ]		
51	[ ]		[ ]		[*]		[ ]		[ ]		

	97		98		99		100		101	
49	[ ]		[ ]		[ ]		[ ]		[ ]		
50	[ ]		 5		 9		 4		[ ]		
51	[ ]		[ ]		[*]		[ ]		[ ]		

	24		25		26		27		28	
50	[ ]		[ ]		[ ]		[ ]		[ ]		
51	[ ]		 6		 7		 4		[ ]		
52	[ ]		[ ]		[ ]		[ ]		[*]		

	41		42		43		44		45	
50	[ ]		[ ]		[ ]		[ ]		[ ]		
51	[ ]		 8		 4		 4		[ ]		
52	[ ]		[ ]		[ ]		[ ]		[*]		

	47		48		49		50		51	
50	[ ]		[ ]		[ ]		[ ]		[ ]		
51	[ ]		 4		 3		 5		[*]		
52	[ ]		[ ]		[ ]		[ ]		[ ]		

	89		90		91		92		93	
50	[ ]		[ ]		[ ]		[ ]		[ ]		
51	[ ]		 8		 3		 7		[ ]		
52	[ ]		[ ]		[*]		[ ]		[ ]		

	104		105		106		107		108	
50	[ ]		[ ]		[ ]		[ ]		[*]		
51	[ ]		 3		 3		 3		[ ]		
52	[ ]		[ ]		[ ]		[ ]		[ ]		

	123		124		125		126		127	
50	[ ]		[ ]		[ ]		[*]		[ ]		
51	[ ]		 6		 0		 7		[ ]		
52	[ ]		[ ]		[ ]		[ ]		[ ]		

	133		134		135		136		137	
50	[ ]		[*]		[ ]		[ ]		[ ]		
51	[ ]		 1		 7		 7		[ ]		
52	[ ]		[ ]		[ ]		[ ]		[ ]		

	16		17		18		19		20	
51	[*]		[ ]		[ ]		[ ]		[ ]		
52	[ ]		 3		 0		 2		[ ]		
53	[ ]		[ ]		[ ]		[ ]		[ ]		

	37		38		39		40		41	
51	[ ]		[ ]		[ ]		[ ]		[ ]		
52	[*]		 5		 1		 9		[ ]		
53	[ ]		[ ]		[ ]		[ ]		[ ]		

	60		61		62		63		64	
51	[ ]		[ ]		[ ]		[ ]		[ ]		
52	[ ]		 2		 7		 0		[ ]		
53	[ ]		[ ]		[ ]		[ ]		[*]		

	67		68		69		70		71	
51	[ ]		[ ]		[*]		[ ]		[ ]		
52	[ ]		 1		 7		 4		[ ]		
53	[ ]		[ ]		[ ]		[ ]		[ ]		

	97		98		99		100		101	
51	[ ]		[ ]		[*]		[ ]		[ ]		
52	[ ]		 5		 7		 9		[ ]		
53	[ ]		[ ]		[ ]		[ ]		[ ]		

	129		130		131		132		133	
51	[ ]		[ ]		[ ]		[ ]		[ ]		
52	[ ]		 4		 2		 5		[ ]		
53	[*]		[ ]		[ ]		[ ]		[ ]		

	27		28		29		30		31	
52	[ ]		[*]		[ ]		[ ]		[ ]		
53	[ ]		 2		 0		 5		[ ]		
54	[ ]		[ ]		[ ]		[ ]		[ ]		

	33		34		35		36		37	
52	[ ]		[ ]		[ ]		[ ]		[*]		
53	[ ]		 8		 3		 3		[ ]		
54	[ ]		[ ]		[ ]		[ ]		[ ]		

	45		46		47		48		49	
52	[*]		[ ]		[ ]		[ ]		[ ]		
53	[ ]		 6		 7		 2		[ ]		
54	[ ]		[ ]		[ ]		[ ]		[ ]		

	72		73		74		75		76	
52	[ ]		[ ]		[ ]		[ ]		[ ]		
53	[ ]		 2		 6		 9		[ ]		
54	[*]		[ ]		[ ]		[ ]		[ ]		

	76		77		78		79		80	
52	[ ]		[ ]		[ ]		[ ]		[ ]		
53	[ ]		 4		 4		 0		[ ]		
54	[ ]		[ ]		[ ]		[*]		[ ]		

	82		83		84		85		86	
52	[ ]		[ ]		[ ]		[ ]		[ ]		
53	[ ]		 7		 7		 1		[ ]		
54	[*]		[ ]		[ ]		[ ]		[ ]		

	90		91		92		93		94	
52	[ ]		[*]		[ ]		[ ]		[ ]		
53	[ ]		 4		 4		 6		[ ]		
54	[ ]		[ ]		[ ]		[ ]		[ ]		

	0		1		2		3		4	
53	[ ]		[ ]		[ ]		[ ]		[ ]		
54	[ ]		 1		 3		 4		[ ]		
55	[ ]		[ ]		[ ]		[ ]		[*]		

	4		5		6		7		8	
53	[ ]		[ ]		[ ]		[ ]		[ ]		
54	[ ]		 5		 2		 7		[ ]		
55	[*]		[ ]		[ ]		[ ]		[ ]		

	17		18		19		20		21	
53	[ ]		[ ]		[ ]		[ ]		[*]		
54	[ ]		 9		 1		 0		[ ]		
55	[ ]		[ ]		[ ]		[ ]		[ ]		

	21		22		23		24		25	
53	[*]		[ ]		[ ]		[ ]		[ ]		
54	[ ]		 8		 4		 5		[ ]		
55	[ ]		[ ]		[ ]		[ ]		[ ]		

	61		62		63		64		65	
53	[ ]		[ ]		[ ]		[*]		[ ]		
54	[ ]		 1		 1		 3		[ ]		
55	[ ]		[ ]		[ ]		[ ]		[ ]		

	124		125		126		127		128	
53	[ ]		[ ]		[ ]		[ ]		[ ]		
54	[ ]		 2		 8		 7		[ ]		
55	[ ]		[*]		[ ]		[ ]		[ ]		

	129		130		131		132		133	
53	[*]		[ ]		[ ]		[ ]		[ ]		
54	[ ]		 8		 2		 8		[ ]		
55	[ ]		[ ]		[ ]		[ ]		[ ]		

	71		72		73		74		75	
54	[ ]		[*]		[ ]		[ ]		[ ]		
55	[ ]		 7		 6		 5		[ ]		
56	[ ]		[ ]		[ ]		[ ]		[ ]		

	76		77		78		79		80	
54	[ ]		[ ]		[ ]		[*]		[ ]		
55	[ ]		 3		 5		 9		[ ]		
56	[ ]		[ ]		[ ]		[ ]		[ ]		

	82		83		84		85		86	
54	[*]		[ ]		[ ]		[ ]		[ ]		
55	[ ]		 1		 8		 2		[ ]		
56	[ ]		[ ]		[ ]		[ ]		[ ]		

	121		122		123		124		125	
55	[ ]		[ ]		[ ]		[ ]		[*]		
56	[ ]		 2		 4		 6		[ ]		
57	[ ]		[ ]		[ ]		[ ]		[ ]		

	5		6		7		8		9	
56	[ ]		[ ]		[ ]		[ ]		[ ]		
57	[*]		 2		 6		 0		[ ]		
58	[ ]		[ ]		[ ]		[ ]		[ ]		

	66		67		68		69		70	
56	[ ]		[ ]		[ ]		[ ]		[ ]		
57	[ ]		 2		 4		 6		[ ]		
58	[ ]		[ ]		[*]		[ ]		[ ]		

	88		89		90		91		92	
56	[ ]		[ ]		[ ]		[ ]		[*]		
57	[ ]		 4		 6		 6		[ ]		
58	[ ]		[ ]		[ ]		[ ]		[ ]		

	92		93		94		95		96	
56	[*]		[ ]		[ ]		[ ]		[ ]		
57	[ ]		 9		 1		 5		[ ]		
58	[ ]		[ ]		[ ]		[ ]		[ ]		

	1		2		3		4		5	
57	[ ]		[ ]		[ ]		[ ]		[*]		
58	[ ]		 9		 6		 1		[ ]		
59	[ ]		[ ]		[ ]		[ ]		[ ]		

	29		30		31		32		33	
57	[ ]		[ ]		[ ]		[ ]		[ ]		
58	[ ]		 2		 0		 3		[*]		
59	[ ]		[ ]		[ ]		[ ]		[ ]		

	33		34		35		36		37	
57	[ ]		[ ]		[ ]		[ ]		[ ]		
58	[*]		 6		 9		 0		[ ]		
59	[ ]		[ ]		[ ]		[ ]		[ ]		

	49		50		51		52		53	
57	[ ]		[ ]		[ ]		[ ]		[ ]		
58	[ ]		 4		 2		 4		[*]		
59	[ ]		[ ]		[ ]		[ ]		[ ]		

	99		100		101		102		103	
57	[ ]		[ ]		[ ]		[ ]		[ ]		
58	[ ]		 7		 9		 7		[ ]		
59	[ ]		[ ]		[ ]		[ ]		[*]		

	103		104		105		106		107	
57	[ ]		[ ]		[ ]		[ ]		[ ]		
58	[ ]		 3		 6		 3		[ ]		
59	[*]		[ ]		[ ]		[ ]		[ ]		

	53		54		55		56		57	
58	[*]		[ ]		[ ]		[ ]		[ ]		
59	[ ]		 5		 6		 5		[ ]		
60	[ ]		[ ]		[ ]		[ ]		[ ]		

	68		69		70		71		72	
58	[*]		[ ]		[ ]		[ ]		[ ]		
59	[ ]		 8		 5		 6		[ ]		
60	[ ]		[ ]		[ ]		[ ]		[ ]		

	78		79		80		81		82	
58	[ ]		[ ]		[ ]		[ ]		[*]		
59	[ ]		 5		 7		 6		[ ]		
60	[ ]		[ ]		[ ]		[ ]		[ ]		

	82		83		84		85		86	
58	[*]		[ ]		[ ]		[ ]		[ ]		
59	[ ]		 1		 5		 9		[ ]		
60	[ ]		[ ]		[ ]		[ ]		[ ]		

	95		96		97		98	
58	[ ]		[ ]		[ ]		[ ]		
59	[ ]		 2		 3		[ ]		
60	[ ]		[ ]		[ ]		[*]		

	120		121		122		123		124	
58	[ ]		[ ]		[ ]		[ ]		[ ]		
59	[*]		 5		 6		 2		[ ]		
60	[ ]		[ ]		[ ]		[ ]		[ ]		

	5		6		7		8		9	
59	[ ]		[ ]		[ ]		[ ]		[ ]		
60	[ ]		 2		 3		 5		[ ]		
61	[*]		[ ]		[ ]		[ ]		[ ]		

	98		99		100		101		102	
59	[ ]		[ ]		[ ]		[ ]		[ ]		
60	[*]		 3		 5		 4		[ ]		
61	[ ]		[ ]		[ ]		[ ]		[ ]		

	117		118		119		120	
59	[ ]		[ ]		[ ]		[*]		
60	[ ]		 3		 3		[ ]		
61	[ ]		[ ]		[ ]		[ ]		

	29		30		31		32		33	
60	[ ]		[ ]		[ ]		[ ]		[ ]		
61	[ ]		 9		 1		 0		[ ]		
62	[ ]		[ ]		[*]		[ ]		[ ]		

	67		68		69		70		71	
60	[ ]		[ ]		[ ]		[ ]		[ ]		
61	[ ]		 9		 0		 3		[*]		
62	[ ]		[ ]		[ ]		[ ]		[ ]		

	109		110		111		112		113	
60	[ ]		[ ]		[ ]		[ ]		[ ]		
61	[ ]		 1		 3		 9		[ ]		
62	[ ]		[ ]		[ ]		[ ]		[*]		

	113		114		115		116		117	
60	[ ]		[ ]		[ ]		[ ]		[ ]		
61	[ ]		 8		 1		 9		[ ]		
62	[*]		[ ]		[ ]		[ ]		[ ]		

	4		5		6		7		8	
61	[ ]		[*]		[ ]		[ ]		[ ]		
62	[ ]		 3		 4		 9		[ ]		
63	[ ]		[ ]		[ ]		[ ]		[ ]		

	24		25		26		27		28	
61	[ ]		[ ]		[ ]		[ ]		[ ]		
62	[ ]		 7		 4		 6		[ ]		
63	[ ]		[*]		[ ]		[ ]		[ ]		

	44		45		46		47		48	
61	[ ]		[ ]		[ ]		[ ]		[ ]		
62	[ ]		 2		 6		 4		[ ]		
63	[ ]		[ ]		[ ]		[ ]		[*]		

	60		61		62		63		64	
61	[ ]		[ ]		[ ]		[ ]		[ ]		
62	[ ]		 6		 0		 7		[ ]		
63	[ ]		[ ]		[ ]		[ ]		[*]		

	71		72		73		74		75	
61	[*]		[ ]		[ ]		[ ]		[ ]		
62	[ ]		 8		 7		 9		[ ]		
63	[ ]		[ ]		[ ]		[ ]		[ ]		

	17		18		19		20		21	
62	[ ]		[ ]		[ ]		[ ]		[ ]		
63	[ ]		 2		 5		 9		[ ]		
64	[ ]		[*]		[ ]		[ ]		[ ]		

	31		32		33		34		35	
62	[*]		[ ]		[ ]		[ ]		[ ]		
63	[ ]		 6		 0		 9		[ ]		
64	[ ]		[ ]		[ ]		[ ]		[ ]		

	81		82		83		84	
62	[ ]		[ ]		[ ]		[ ]		
63	[ ]		 6		 8		[ ]		
64	[ ]		[ ]		[*]		[ ]		

	90		91		92		93		94	
62	[ ]		[ ]		[ ]		[ ]		[ ]		
63	[ ]		 5		 6		 0		[*]		
64	[ ]		[ ]		[ ]		[ ]		[ ]		

	94		95		96		97		98	
62	[ ]		[ ]		[ ]		[ ]		[ ]		
63	[*]		 7		 2		 3		[ ]		
64	[ ]		[ ]		[ ]		[ ]		[ ]		

	121		122		123		124		125	
62	[ ]		[ ]		[ ]		[ ]		[ ]		
63	[ ]		 2		 7		 7		[ ]		
64	[ ]		[ ]		[*]		[ ]		[ ]		

	25		26		27		28		29	
63	[*]		[ ]		[ ]		[ ]		[ ]		
64	[ ]		 5		 5		 1		[ ]		
65	[ ]		[ ]		[ ]		[ ]		[ ]		

	47		48		49		50		51	
63	[ ]		[*]		[ ]		[ ]		[ ]		
64	[ ]		 9		 6		 2		[ ]		
65	[ ]		[ ]		[ ]		[ ]		[ ]		

	64		65		66		67		68	
63	[*]		[ ]		[ ]		[ ]		[ ]		
64	[ ]		 6		 2		 0		[ ]		
65	[ ]		[ ]		[ ]		[ ]		[ ]		

	125		126		127		128		129	
63	[ ]		[ ]		[ ]		[ ]		[ ]		
64	[ ]		 6		 2		 6		[ ]		
65	[*]		[ ]		[ ]		[ ]		[ ]		

	17		18		19		20		21	
64	[ ]		[*]		[ ]		[ ]		[ ]		
65	[ ]		 3		 7		 0		[ ]		
66	[ ]		[ ]		[ ]		[ ]		[ ]		

	30		31		32		33		34	
64	[ ]		[ ]		[ ]		[ ]		[ ]		
65	[*]		 8		 0		 7		[ ]		
66	[ ]		[ ]		[ ]		[ ]		[ ]		

	59		60		61		62		63	
64	[ ]		[ ]		[ ]		[ ]		[ ]		
65	[ ]		 5		 6		 2		[*]		
66	[ ]		[ ]		[ ]		[ ]		[ ]		

	80		81		82		83		84	
64	[ ]		[ ]		[ ]		[*]		[ ]		
65	[ ]		 6		 4		 6		[ ]		
66	[ ]		[ ]		[ ]		[ ]		[ ]		

	85		86		87		88	
64	[ ]		[ ]		[ ]		[ ]		
65	[ ]		 4		 8		[ ]		
66	[ ]		[ ]		[ ]		[*]		

	108		109		110		111		112	
64	[ ]		[ ]		[ ]		[ ]		[ ]		
65	[ ]		 6		 8		 4		[*]		
66	[ ]		[ ]		[ ]		[ ]		[ ]		

	112		113		114		115		116	
64	[ ]		[ ]		[ ]		[ ]		[ ]		
65	[*]		 7		 5		 4		[ ]		
66	[ ]		[ ]		[ ]		[ ]		[ ]		

	119		120		121		122		123	
64	[ ]		[ ]		[ ]		[ ]		[*]		
65	[ ]		 1		 4		 3		[ ]		
66	[ ]		[ ]		[ ]		[ ]		[ ]		

	26		27		28		29		30	
65	[ ]		[ ]		[ ]		[ ]		[*]		
66	[ ]		 2		 2		 5		[ ]		
67	[ ]		[ ]		[ ]		[ ]		[ ]		

	49		50		51		52		53	
65	[ ]		[ ]		[ ]		[ ]		[ ]		
66	[ ]		 1		 5		 2		[ ]		
67	[ ]		[ ]		[ ]		[*]		[ ]		

	63		64		65		66		67	
65	[*]		[ ]		[ ]		[ ]		[ ]		
66	[ ]		 2		 4		 1		[ ]		
67	[ ]		[ ]		[ ]		[ ]		[ ]		

	98		99		100		101		102	
65	[ ]		[ ]		[ ]		[ ]		[ ]		
66	[ ]		 9		 2		 6		[ ]		
67	[ ]		[*]		[ ]		[ ]		[ ]		

	125		126		127		128		129	
65	[*]		[ ]		[ ]		[ ]		[ ]		
66	[ ]		 9		 9		 0		[ ]		
67	[ ]		[ ]		[ ]		[ ]		[ ]		

	130		131		132		133		134	
65	[ ]		[ ]		[ ]		[ ]		[ ]		
66	[ ]		 4		 3		 9		[ ]		
67	[ ]		[ ]		[ ]		[ ]		[*]		

	0		1		2		3		4	
66	[ ]		[ ]		[ ]		[ ]		[ ]		
67	[ ]		 3		 5		 2		[ ]		
68	[ ]		[ ]		[ ]		[ ]		[*]		

	85		86		87		88		89	
66	[ ]		[ ]		[ ]		[*]		[ ]		
67	[ ]		 3		 8		 8		[ ]		
68	[ ]		[ ]		[ ]		[ ]		[ ]		

	102		103		104		105		106	
66	[ ]		[ ]		[ ]		[ ]		[ ]		
67	[ ]		 5		 1		 6		[ ]		
68	[*]		[ ]		[ ]		[ ]		[ ]		

	134		135		136		137		138	
66	[ ]		[ ]		[ ]		[ ]		[ ]		
67	[*]		 7		 4		 3		[ ]		
68	[ ]		[ ]		[ ]		[ ]		[ ]		

	19		20		21		22		23	
67	[ ]		[ ]		[ ]		[ ]		[ ]		
68	[ ]		 9		 7		 0		[ ]		
69	[ ]		[ ]		[ ]		[*]		[ ]		

	49		50		51		52		53	
67	[ ]		[ ]		[ ]		[*]		[ ]		
68	[ ]		 5		 6		 4		[ ]		
69	[ ]		[ ]		[ ]		[ ]		[ ]		

	92		93		94		95		96	
67	[ ]		[ ]		[ ]		[ ]		[ ]		
68	[*]		 7		 9		 0		[ ]		
69	[ ]		[ ]		[ ]		[ ]		[ ]		

	97		98		99		100		101	
67	[ ]		[ ]		[*]		[ ]		[ ]		
68	[ ]		 2		 3		 9		[ ]		
69	[ ]		[ ]		[ ]		[ ]		[ ]		

	0		1		2		3		4	
68	[ ]		[ ]		[ ]		[ ]		[*]		
69	[ ]		 2		 1		 1		[ ]		
70	[ ]		[ ]		[ ]		[ ]		[ ]		

	44		45		46		47		48	
68	[ ]		[ ]		[ ]		[ ]		[ ]		
69	[ ]		 7		 8		 8		[ ]		
70	[ ]		[ ]		[ ]		[ ]		[*]		

	88		89		90		91		92	
68	[ ]		[ ]		[ ]		[ ]		[*]		
69	[ ]		 2		 6		 5		[ ]		
70	[ ]		[ ]		[ ]		[ ]		[ ]		

	102		103		104		105		106	
68	[*]		[ ]		[ ]		[ ]		[ ]		
69	[ ]		 4		 8		 6		[ ]		
70	[ ]		[ ]		[ ]		[ ]		[ ]		

	20		21		22		23	
69	[ ]		[ ]		[*]		[ ]		
70	[ ]		 8		 2		[ ]		
71	[ ]		[ ]		[ ]		[ ]		

	48		49		50		51		52	
69	[ ]		[ ]		[ ]		[ ]		[ ]		
70	[*]		 7		 3		 1		[ ]		
71	[ ]		[ ]		[ ]		[ ]		[ ]		

	53		54		55		56		57	
69	[ ]		[ ]		[ ]		[ ]		[ ]		
70	[ ]		 2		 3		 0		[ ]		
71	[ ]		[ ]		[*]		[ ]		[ ]		

	94		95		96	
69	[ ]		[ ]		[ ]		
70	[ ]		 8		[ ]		
71	[ ]		[*]		[ ]		

	2		3		4		5		6	
70	[ ]		[ ]		[ ]		[ ]		[ ]		
71	[ ]		 1		 0		 3		[ ]		
72	[ ]		[*]		[ ]		[ ]		[ ]		

	7		8		9		10		11	
70	[ ]		[ ]		[ ]		[ ]		[ ]		
71	[ ]		 7		 6		 2		[*]		
72	[ ]		[ ]		[ ]		[ ]		[ ]		

	11		12		13		14		15	
70	[ ]		[ ]		[ ]		[ ]		[ ]		
71	[*]		 4		 3		 6		[ ]		
72	[ ]		[ ]		[ ]		[ ]		[ ]		

	15		16		17		18		19	
70	[ ]		[ ]		[ ]		[ ]		[ ]		
71	[ ]		 5		 2		 3		[*]		
72	[ ]		[ ]		[ ]		[ ]		[ ]		

	102		103		104		105		106	
70	[ ]		[ ]		[ ]		[ ]		[ ]		
71	[ ]		 9		 1		 6		[ ]		
72	[ ]		[*]		[ ]		[ ]		[ ]		

	19		20		21		22		23	
71	[*]		[ ]		[ ]		[ ]		[ ]		
72	[ ]		 4		 3		 9		[ ]		
73	[ ]		[ ]		[ ]		[ ]		[ ]		

	26		27		28		29		30	
71	[ ]		[ ]		[ ]		[ ]		[ ]		
72	[ ]		 5		 5		 3		[ ]		
73	[ ]		[*]		[ ]		[ ]		[ ]		

	53		54		55		56		57	
71	[ ]		[ ]		[*]		[ ]		[ ]		
72	[ ]		 4		 6		 6		[ ]		
73	[ ]		[ ]		[ ]		[ ]		[ ]		

	92		93		94		95		96	
71	[ ]		[ ]		[ ]		[*]		[ ]		
72	[ ]		 6		 9		 5		[ ]		
73	[ ]		[ ]		[ ]		[ ]		[ ]		

	1		2		3		4		5	
72	[ ]		[ ]		[*]		[ ]		[ ]		
73	[ ]		 8		 6		 7		[ ]		
74	[ ]		[ ]		[ ]		[ ]		[ ]		

	64		65		66		67		68	
72	[ ]		[ ]		[ ]		[ ]		[ ]		
73	[ ]		 6		 0		 5		[ ]		
74	[ ]		[ ]		[ ]		[ ]		[*]		

	68		69		70		71		72	
72	[ ]		[ ]		[ ]		[ ]		[ ]		
73	[ ]		 2		 7		 2		[ ]		
74	[*]		[ ]		[ ]		[ ]		[ ]		

	87		88		89		90		91	
72	[ ]		[ ]		[ ]		[ ]		[ ]		
73	[ ]		 8		 3		 6		[ ]		
74	[*]		[ ]		[ ]		[ ]		[ ]		

	101		102		103		104	
72	[ ]		[ ]		[*]		[ ]		
73	[ ]		 1		 5		[ ]		
74	[ ]		[ ]		[ ]		[ ]		

	27		28		29		30		31	
73	[*]		[ ]		[ ]		[ ]		[ ]		
74	[ ]		 5		 7		 9		[ ]		
75	[ ]		[ ]		[ ]		[ ]		[ ]		

	73		74		75		76		77	
73	[ ]		[ ]		[ ]		[ ]		[ ]		
74	[ ]		 8		 7		 7		[ ]		
75	[*]		[ ]		[ ]		[ ]		[ ]		

	94		95		96		97		98	
73	[ ]		[ ]		[ ]		[ ]		[ ]		
74	[ ]		 3		 3		 0		[ ]		
75	[ ]		[ ]		[ ]		[ ]		[*]		

	32		33		34		35		36	
74	[ ]		[ ]		[ ]		[ ]		[ ]		
75	[ ]		 8		 8		 1		[ ]		
76	[ ]		[ ]		[*]		[ ]		[ ]		

	45		46		47		48		49	
74	[ ]		[ ]		[ ]		[ ]		[ ]		
75	[ ]		 4		 0		 0		[ ]		
76	[ ]		[ ]		[*]		[ ]		[ ]		

	77		78		79		80		81	
74	[ ]		[ ]		[ ]		[ ]		[ ]		
75	[ ]		 4		 5		 3		[ ]		
76	[*]		[ ]		[ ]		[ ]		[ ]		

	86		87		88		89		90	
74	[ ]		[*]		[ ]		[ ]		[ ]		
75	[ ]		 5		 0		 9		[ ]		
76	[ ]		[ ]		[ ]		[ ]		[ ]		

	132		133		134		135		136	
74	[ ]		[ ]		[ ]		[ ]		[ ]		
75	[ ]		 8		 7		 9		[ ]		
76	[ ]		[*]		[ ]		[ ]		[ ]		

	18		19		20		21		22	
75	[ ]		[ ]		[ ]		[ ]		[ ]		
76	[ ]		 8		 8		 2		[ ]		
77	[ ]		[ ]		[ ]		[ ]		[*]		

	70		71		72		73		74	
75	[ ]		[ ]		[ ]		[*]		[ ]		
76	[ ]		 1		 1		 9		[ ]		
77	[ ]		[ ]		[ ]		[ ]		[ ]		

	98		99		100		101		102	
75	[*]		[ ]		[ ]		[ ]		[ ]		
76	[ ]		 2		 9		 0		[ ]		
77	[ ]		[ ]		[ ]		[ ]		[ ]		

	104		105		106		107		108	
75	[ ]		[ ]		[ ]		[ ]		[ ]		
76	[ ]		 6		 3		 0		[ ]		
77	[ ]		[ ]		[*]		[ ]		[ ]		

	117		118		119		120		121	
75	[ ]		[ ]		[ ]		[ ]		[ ]		
76	[ ]		 5		 1		 0		[ ]		
77	[*]		[ ]		[ ]		[ ]		[ ]		

	22		23		24		25		26	
76	[ ]		[ ]		[ ]		[ ]		[ ]		
77	[*]		 9		 5		 9		[ ]		
78	[ ]		[ ]		[ ]		[ ]		[ ]		

	33		34		35		36		37	
76	[ ]		[*]		[ ]		[ ]		[ ]		
77	[ ]		 1		 8		 9		[ ]		
78	[ ]		[ ]		[ ]		[ ]		[ ]		

	44		45		46		47		48	
76	[ ]		[ ]		[ ]		[*]		[ ]		
77	[ ]		 1		 2		 3		[ ]		
78	[ ]		[ ]		[ ]		[ ]		[ ]		

	74		75		76		77		78	
76	[ ]		[ ]		[ ]		[*]		[ ]		
77	[ ]		 3		 9		 4		[ ]		
78	[ ]		[ ]		[ ]		[ ]		[ ]		

	113		114		115		116		117	
76	[ ]		[ ]		[ ]		[ ]		[ ]		
77	[ ]		 2		 0		 8		[*]		
78	[ ]		[ ]		[ ]		[ ]		[ ]		

	130		131		132		133		134	
76	[ ]		[ ]		[ ]		[*]		[ ]		
77	[ ]		 7		 8		 5		[ ]		
78	[ ]		[ ]		[ ]		[ ]		[ ]		

	106		107		108	
77	[*]		[ ]		[ ]		
78	[ ]		 7		[ ]		
79	[ ]		[ ]		[ ]		

	120		121		122		123		124	
77	[ ]		[ ]		[ ]		[ ]		[ ]		
78	[ ]		 5		 6		 4		[ ]		
79	[ ]		[*]		[ ]		[ ]		[ ]		

	28		29		30		31		32	
78	[ ]		[ ]		[ ]		[ ]		[*]		
79	[ ]		 6		 3		 0		[ ]		
80	[ ]		[ ]		[ ]		[ ]		[ ]		

	32		33		34		35		36	
78	[*]		[ ]		[ ]		[ ]		[ ]		
79	[ ]		 8		 5		 4		[ ]		
80	[ ]		[ ]		[ ]		[ ]		[ ]		

	46		47		48		49		50	
79	[ ]		[ ]		[ ]		[ ]		[ ]		
80	[ ]		 1		 3		 9		[ ]		
81	[ ]		[ ]		[ ]		[*]		[ ]		

	88		89		90	
79	[ ]		[ ]		[ ]		
80	[ ]		 5		[ ]		
81	[*]		[ ]		[ ]		

	121		122		123		124		125	
79	[*]		[ ]		[ ]		[ ]		[ ]		
80	[ ]		 5		 0		 8		[ ]		
81	[ ]		[ ]		[ ]		[ ]		[ ]		

	131		132		133		134		135	
79	[ ]		[ ]		[ ]		[ ]		[ ]		
80	[ ]		 8		 4		 3		[ ]		
81	[ ]		[ ]		[ ]		[ ]		[*]		

	36		37		38		39		40	
80	[ ]		[ ]		[ ]		[ ]		[*]		
81	[ ]		 9		 9		 9		[ ]		
82	[ ]		[ ]		[ ]		[ ]		[ ]		

	40		41		42		43		44	
80	[*]		[ ]		[ ]		[ ]		[ ]		
81	[ ]		 9		 1		 5		[ ]		
82	[ ]		[ ]		[ ]		[ ]		[ ]		

	72		73		74		75		76	
80	[ ]		[ ]		[ ]		[ ]		[ ]		
81	[ ]		 7		 5		 5		[ ]		
82	[ ]		[*]		[ ]		[ ]		[ ]		

	84		85		86		87		88	
80	[ ]		[ ]		[ ]		[ ]		[ ]		
81	[ ]		 5		 0		 1		[*]		
82	[ ]		[ ]		[ ]		[ ]		[ ]		

	116		117		118		119		120	
80	[ ]		[ ]		[ ]		[ ]		[ ]		
81	[ ]		 7		 6		 6		[ ]		
82	[ ]		[ ]		[ ]		[ ]		[*]		

	127		128		129	
80	[ ]		[ ]		[ ]		
81	[ ]		 3		[ ]		
82	[ ]		[ ]		[*]		

	135		136		137		138		139	
80	[ ]		[ ]		[ ]		[ ]		[ ]		
81	[*]		 7		 9		 2		[ ]		
82	[ ]		[ ]		[ ]		[ ]		[ ]		

	45		46		47		48		49	
81	[ ]		[ ]		[ ]		[ ]		[*]		
82	[ ]		 4		 4		 2		[ ]		
83	[ ]		[ ]		[ ]		[ ]		[ ]		

	64		65		66		67		68	
81	[ ]		[ ]		[ ]		[ ]		[ ]		
82	[ ]		 3		 3		 2		[ ]		
83	[*]		[ ]		[ ]		[ ]		[ ]		

	72		73		74		75		76	
82	[ ]		[*]		[ ]		[ ]		[ ]		
83	[ ]		 8		 8		 4		[ ]		
84	[ ]		[ ]		[ ]		[ ]		[ ]		

	83		84		85		86		87	
82	[ ]		[ ]		[ ]		[ ]		[ ]		
83	[ ]		 1		 7		 7		[*]		
84	[ ]		[ ]		[ ]		[ ]		[ ]		

	87		88		89		90		91	
82	[ ]		[ ]		[ ]		[ ]		[ ]		
83	[*]		 5		 3		 1		[ ]		
84	[ ]		[ ]		[ ]		[ ]		[ ]		

	113		114		115		116		117	
82	[ ]		[ ]		[ ]		[ ]		[ ]		
83	[ ]		 9		 3		 6		[ ]		
84	[ ]		[ ]		[ ]		[ ]		[*]		

	118		119		120		121	
82	[ ]		[ ]		[*]		[ ]		
83	[ ]		 3		 9		[ ]		
84	[ ]		[ ]		[ ]		[ ]		

	129		130		131		132		133	
82	[*]		[ ]		[ ]		[ ]		[ ]		
83	[ ]		 9		 5		 2		[ ]		
84	[ ]		[ ]		[ ]		[ ]		[ ]		

	21		22		23		24		25	
83	[ ]		[ ]		[ ]		[ ]		[ ]		
84	[ ]		 4		 8		 3		[ ]		
85	[ ]		[*]		[ ]		[ ]		[ ]		

	64		65		66		67		68	
83	[*]		[ ]		[ ]		[ ]		[ ]		
84	[ ]		 3		 4		 0		[ ]		
85	[ ]		[ ]		[ ]		[ ]		[ ]		

	2		3		4		5		6	
84	[ ]		[ ]		[ ]		[ ]		[ ]		
85	[ ]		 1		 4		 9		[ ]		
86	[ ]		[ ]		[*]		[ ]		[ ]		

	60		61		62		63		64	
84	[ ]		[ ]		[ ]		[ ]		[ ]		
85	[ ]		 4		 0		 5		[ ]		
86	[ ]		[ ]		[ ]		[*]		[ ]		

	70		71		72		73		74	
84	[ ]		[ ]		[ ]		[ ]		[ ]		
85	[ ]		 5		 5		 5		[ ]		
86	[ ]		[ ]		[*]		[ ]		[ ]		

	100		101		102		103	
84	[ ]		[ ]		[ ]		[ ]		
85	[ ]		 9		 8		[ ]		
86	[*]		[ ]		[ ]		[ ]		

	106		107		108		109		110	
84	[ ]		[ ]		[ ]		[ ]		[ ]		
85	[ ]		 3		 1		 3		[ ]		
86	[ ]		[*]		[ ]		[ ]		[ ]		

	117		118		119		120		121	
84	[*]		[ ]		[ ]		[ ]		[ ]		
85	[ ]		 8		 3		 4		[ ]		
86	[ ]		[ ]		[ ]		[ ]		[ ]		

	7		8		9		10		11	
85	[ ]		[ ]		[ ]		[ ]		[ ]		
86	[ ]		 4		 0		 9		[ ]		
87	[*]		[ ]		[ ]		[ ]		[ ]		

	19		20		21		22	
85	[ ]		[ ]		[ ]		[*]		
86	[ ]		 2		 9		[ ]		
87	[ ]		[ ]		[ ]		[ ]		

	92		93		94		95		96	
85	[ ]		[ ]		[ ]		[ ]		[ ]		
86	[ ]		 7		 4		 8		[ ]		
87	[*]		[ ]		[ ]		[ ]		[ ]		

	2		3		4		5		6	
86	[ ]		[ ]		[*]		[ ]		[ ]		
87	[ ]		 3		 1		 0		[ ]		
88	[ ]		[ ]		[ ]		[ ]		[ ]		

	48		49		50		51		52	
86	[ ]		[ ]		[ ]		[ ]		[ ]		
87	[ ]		 1		 9		 7		[ ]		
88	[ ]		[ ]		[ ]		[*]		[ ]		

	61		62		63		64		65	
86	[ ]		[ ]		[*]		[ ]		[ ]		
87	[ ]		 1		 6		 9		[ ]		
88	[ ]		[ ]		[ ]		[ ]		[ ]		

	71		72		73		74		75	
86	[ ]		[*]		[ ]		[ ]		[ ]		
87	[ ]		 3		 8		 7		[ ]		
88	[ ]		[ ]		[ ]		[ ]		[ ]		

	100		101		102		103		104	
86	[*]		[ ]		[ ]		[ ]		[ ]		
87	[ ]		 5		 9		 8		[ ]		
88	[ ]		[ ]		[ ]		[ ]		[ ]		

	107		108		109		110	
86	[*]		[ ]		[ ]		[ ]		
87	[ ]		 5		 0		[ ]		
88	[ ]		[ ]		[ ]		[ ]		

	7		8		9		10		11	
87	[*]		[ ]		[ ]		[ ]		[ ]		
88	[ ]		 1		 7		 8		[ ]		
89	[ ]		[ ]		[ ]		[ ]		[ ]		

	32		33		34		35		36	
87	[ ]		[ ]		[ ]		[ ]		[*]		
88	[ ]		 8		 6		 5		[ ]		
89	[ ]		[ ]		[ ]		[ ]		[ ]		

	36		37		38		39		40	
87	[*]		[ ]		[ ]		[ ]		[ ]		
88	[ ]		 1		 3		 4		[ ]		
89	[ ]		[ ]		[ ]		[ ]		[ ]		

	52		53		54		55		56	
87	[ ]		[ ]		[ ]		[ ]		[ ]		
88	[ ]		 4		 3		 6		[ ]		
89	[ ]		[*]		[ ]		[ ]		[ ]		

	57		58		59		60		61	
87	[ ]		[ ]		[ ]		[ ]		[ ]		
88	[ ]		 7		 7		 2		[ ]		
89	[ ]		[ ]		[*]		[ ]		[ ]		

	82		83		84		85		86	
87	[ ]		[ ]		[ ]		[ ]		[ ]		
88	[ ]		 6		 8		 8		[ ]		
89	[ ]		[ ]		[ ]		[*]		[ ]		

	92		93		94		95		96	
87	[*]		[ ]		[ ]		[ ]		[ ]		
88	[ ]		 8		 5		 0		[ ]		
89	[ ]		[ ]		[ ]		[ ]		[ ]		

	96		97		98		99	
87	[ ]		[ ]		[ ]		[ ]		
88	[ ]		 6		 6		[ ]		
89	[ ]		[*]		[ ]		[ ]		

	123		124		125		126		127	
87	[ ]		[ ]		[ ]		[ ]		[ ]		
88	[ ]		 7		 9		 6		[*]		
89	[ ]		[ ]		[ ]		[ ]		[ ]		

	127		128		129		130		131	
87	[ ]		[ ]		[ ]		[ ]		[ ]		
88	[*]		 8		 9		 7		[ ]		
89	[ ]		[ ]		[ ]		[ ]		[ ]		

	134		135		136		137		138	
87	[ ]		[ ]		[ ]		[ ]		[ ]		
88	[ ]		 6		 7		 9		[ ]		
89	[ ]		[ ]		[*]		[ ]		[ ]		

	15		16		17		18		19	
88	[ ]		[ ]		[ ]		[ ]		[ ]		
89	[ ]		 1		 7		 0		[ ]		
90	[ ]		[ ]		[ ]		[ ]		[*]		

	47		48		49		50		51	
88	[ ]		[ ]		[ ]		[ ]		[*]		
89	[ ]		 8		 7		 1		[ ]		
90	[ ]		[ ]		[ ]		[ ]		[ ]		

	62		63		64		65		66	
88	[ ]		[ ]		[ ]		[ ]		[ ]		
89	[ ]		 3		 3		 8		[ ]		
90	[ ]		[ ]		[*]		[ ]		[ ]		

	74		75		76		77	
88	[ ]		[ ]		[ ]		[ ]		
89	[ ]		 1		 6		[ ]		
90	[ ]		[ ]		[ ]		[*]		

	117		118		119		120		121	
88	[ ]		[ ]		[ ]		[ ]		[ ]		
89	[ ]		 3		 6		 8		[*]		
90	[ ]		[ ]		[ ]		[ ]		[ ]		

	19		20		21		22		23	
89	[ ]		[ ]		[ ]		[ ]		[ ]		
90	[*]		 6		 8		 2		[ ]		
91	[ ]		[ ]		[ ]		[ ]		[ ]		

	51		52		53		54		55	
89	[ ]		[ ]		[*]		[ ]		[ ]		
90	[ ]		 1		 2		 9		[ ]		
91	[ ]		[ ]		[ ]		[ ]		[ ]		

	56		57		58		59		60	
89	[ ]		[ ]		[ ]		[*]		[ ]		
90	[ ]		 8		 0		 2		[ ]		
91	[ ]		[ ]		[ ]		[ ]		[ ]		

	67		68		69		70		71	
89	[ ]		[ ]		[ ]		[ ]		[ ]		
90	[ ]		 5		 0		 5		[ ]		
91	[ ]		[*]		[ ]		[ ]		[ ]		

	77		78		79		80		81	
89	[ ]		[ ]		[ ]		[ ]		[ ]		
90	[*]		 8		 2		 2		[ ]		
91	[ ]		[ ]		[ ]		[ ]		[ ]		

	81		82		83		84		85	
89	[ ]		[ ]		[ ]		[ ]		[*]		
90	[ ]		 8		 3		 4		[ ]		
91	[ ]		[ ]		[ ]		[ ]		[ ]		

	93		94		95		96		97	
89	[ ]		[ ]		[ ]		[ ]		[*]		
90	[ ]		 5		 7		 5		[ ]		
91	[ ]		[ ]		[ ]		[ ]		[ ]		

	101		102		103		104		105	
89	[ ]		[ ]		[ ]		[ ]		[ ]		
90	[ ]		 3		 0		 9		[ ]		
91	[ ]		[*]		[ ]		[ ]		[ ]		

	121		122		123	
89	[*]		[ ]		[ ]		
90	[ ]		 6		[ ]		
91	[ ]		[ ]		[ ]		

	133		134		135		136		137	
89	[ ]		[ ]		[ ]		[*]		[ ]		
90	[ ]		 6		 3		 2		[ ]		
91	[ ]		[ ]		[ ]		[ ]		[ ]		

	38		39		40		41		42	
90	[ ]		[ ]		[ ]		[ ]		[ ]		
91	[ ]		 9		 6		 0		[ ]		
92	[ ]		[ ]		[ ]		[ ]		[*]		

	42		43		44		45		46	
90	[ ]		[ ]		[ ]		[ ]		[ ]		
91	[ ]		 4		 8		 0		[ ]		
92	[*]		[ ]		[ ]		[ ]		[ ]		

	63		64		65		66		67	
90	[ ]		[*]		[ ]		[ ]		[ ]		
91	[ ]		 2		 9		 3		[ ]		
92	[ ]		[ ]		[ ]		[ ]		[ ]		

	67		68		69		70	
91	[ ]		[*]		[ ]		[ ]		
92	[ ]		 4		 2		[ ]		
93	[ ]		[ ]		[ ]		[ ]		

	78		79		80		81		82	
91	[ ]		[ ]		[ ]		[ ]		[ ]		
92	[ ]		 9		 1		 9		[ ]		
93	[ ]		[ ]		[ ]		[*]		[ ]		

	99		100		101		102		103	
91	[ ]		[ ]		[ ]		[*]		[ ]		
92	[ ]		 5		 8		 4		[ ]		
93	[ ]		[ ]		[ ]		[ ]		[ ]		

	108		109		110		111		112	
92	[ ]		[ ]		[ ]		[ ]		[ ]		
93	[ ]		 9		 3		 6		[ ]		
94	[ ]		[*]		[ ]		[ ]		[ ]		

	42		43		44		45		46	
93	[ ]		[ ]		[ ]		[ ]		[ ]		
94	[ ]		 4		 1		 7		[ ]		
95	[ ]		[ ]		[*]		[ ]		[ ]		

	71		72		73		74		75	
93	[ ]		[ ]		[ ]		[ ]		[*]		
94	[ ]		 6		 5		 4		[ ]		
95	[ ]		[ ]		[ ]		[ ]		[ ]		

	75		76		77		78		79	
93	[*]		[ ]		[ ]		[ ]		[ ]		
94	[ ]		 1		 4		 3		[ ]		
95	[ ]		[ ]		[ ]		[ ]		[ ]		

	79		80		81		82		83	
93	[ ]		[ ]		[*]		[ ]		[ ]		
94	[ ]		 4		 7		 6		[ ]		
95	[ ]		[ ]		[ ]		[ ]		[ ]		

	117		118		119		120		121	
93	[ ]		[ ]		[ ]		[ ]		[ ]		
94	[ ]		 3		 1		 7		[ ]		
95	[ ]		[*]		[ ]		[ ]		[ ]		

	4		5		6		7		8	
94	[ ]		[ ]		[ ]		[ ]		[ ]		
95	[ ]		 5		 1		 1		[ ]		
96	[ ]		[ ]		[*]		[ ]		[ ]		

	106		107		108		109		110	
94	[ ]		[ ]		[ ]		[*]		[ ]		
95	[ ]		 8		 6		 1		[ ]		
96	[ ]		[ ]		[ ]		[ ]		[ ]		

	18		19		20		21		22	
95	[ ]		[ ]		[ ]		[ ]		[ ]		
96	[ ]		 7		 0		 4		[*]		
97	[ ]		[ ]		[ ]		[ ]		[ ]		

	22		23		24		25		26	
95	[ ]		[ ]		[ ]		[ ]		[ ]		
96	[*]		 8		 5		 3		[ ]		
97	[ ]		[ ]		[ ]		[ ]		[ ]		

	43		44		45		46		47	
95	[ ]		[*]		[ ]		[ ]		[ ]		
96	[ ]		 4		 0		 7		[ ]		
97	[ ]		[ ]		[ ]		[ ]		[ ]		

	51		52		53		54		55	
95	[ ]		[ ]		[ ]		[ ]		[ ]		
96	[ ]		 4		 9		 9		[ ]		
97	[*]		[ ]		[ ]		[ ]		[ ]		

	66		67		68		69		70	
95	[ ]		[ ]		[ ]		[ ]		[ ]		
96	[ ]		 3		 9		 3		[ ]		
97	[ ]		[ ]		[*]		[ ]		[ ]		

	92		93		94		95		96	
95	[ ]		[ ]		[ ]		[ ]		[ ]		
96	[ ]		 2		 6		 2		[ ]		
97	[ ]		[ ]		[*]		[ ]		[ ]		

	116		117		118		119		120	
95	[ ]		[ ]		[*]		[ ]		[ ]		
96	[ ]		 4		 1		 8		[ ]		
97	[ ]		[ ]		[ ]		[ ]		[ ]		

	2		3		4		5		6	
96	[ ]		[ ]		[ ]		[ ]		[*]		
97	[ ]		 3		 8		 7		[ ]		
98	[ ]		[ ]		[ ]		[ ]		[ ]		

	47		48		49		50		51	
96	[ ]		[ ]		[ ]		[ ]		[ ]		
97	[ ]		 6		 8		 8		[*]		
98	[ ]		[ ]		[ ]		[ ]		[ ]		

	101		102		103		104	
96	[ ]		[ ]		[ ]		[ ]		
97	[ ]		 2		 5		[ ]		
98	[ ]		[*]		[ ]		[ ]		

	126		127		128		129		130	
96	[ ]		[ ]		[ ]		[ ]		[ ]		
97	[ ]		 2		 6		 8		[ ]		
98	[ ]		[ ]		[ ]		[*]		[ ]		

	40		41		42		43	
97	[ ]		[ ]		[ ]		[ ]		
98	[ ]		 1		 6		[ ]		
99	[ ]		[*]		[ ]		[ ]		

	65		66		67		68		69	
97	[ ]		[ ]		[ ]		[*]		[ ]		
98	[ ]		 6		 6		 5		[ ]		
99	[ ]		[ ]		[ ]		[ ]		[ ]		

	75		76		77		78		79	
97	[ ]		[ ]		[ ]		[ ]		[ ]		
98	[ ]		 9		 3		 6		[ ]		
99	[ ]		[ ]		[ ]		[*]		[ ]		

	89		90		91		92		93	
97	[ ]		[ ]		[ ]		[ ]		[ ]		
98	[ ]		 2		 9		 9		[ ]		
99	[ ]		[ ]		[ ]		[*]		[ ]		

	93		94		95		96		97	
97	[ ]		[*]		[ ]		[ ]		[ ]		
98	[ ]		 4		 9		 8		[ ]		
99	[ ]		[ ]		[ ]		[ ]		[ ]		

	109		110		111		112		113	
97	[ ]		[ ]		[ ]		[ ]		[ ]		
98	[*]		 6		 6		 9		[ ]		
99	[ ]		[ ]		[ ]		[ ]		[ ]		

	117		118		119		120		121	
97	[ ]		[ ]		[ ]		[ ]		[ ]		
98	[ ]		 6		 5		 2		[ ]		
99	[ ]		[ ]		[*]		[ ]		[ ]		

	130		131		132		133		134	
97	[ ]		[ ]		[ ]		[ ]		[ ]		
98	[ ]		 2		 1		 8		[ ]		
99	[ ]		[ ]		[ ]		[*]		[ ]		

	69		70		71		72		73	
98	[ ]		[ ]		[ ]		[ ]		[ ]		
99	[ ]		 1		 8		 8		[ ]		
100	[ ]		[ ]		[ ]		[ ]		[*]		

	98		99		100		101		102	
98	[ ]		[ ]		[ ]		[ ]		[*]		
99	[ ]		 5		 1		 0		[ ]		
100	[ ]		[ ]		[ ]		[ ]		[ ]		

	105		106		107		108		109	
98	[ ]		[ ]		[ ]		[ ]		[*]		
99	[ ]		 7		 1		 7		[ ]		
100	[ ]		[ ]		[ ]		[ ]		[ ]		

	125		126		127		128		129	
98	[ ]		[ ]		[ ]		[ ]		[*]		
99	[ ]		 4		 7		 4		[ ]		
100	[ ]		[ ]		[ ]		[ ]		[ ]		

	41		42		43		44		45	
99	[*]		[ ]		[ ]		[ ]		[ ]		
100	[ ]		 9		 0		 6		[ ]		
101	[ ]		[ ]		[ ]		[ ]		[ ]		

	74		75		76		77		78	
99	[ ]		[ ]		[ ]		[ ]		[*]		
100	[ ]		 5		 9		 9		[ ]		
101	[ ]		[ ]		[ ]		[ ]		[ ]		

	90		91		92		93		94	
99	[ ]		[ ]		[*]		[ ]		[ ]		
100	[ ]		 5		 9		 8		[ ]		
101	[ ]		[ ]		[ ]		[ ]		[ ]		

	118		119		120		121		122	
99	[ ]		[*]		[ ]		[ ]		[ ]		
100	[ ]		 9		 0		 4		[ ]		
101	[ ]		[ ]		[ ]		[ ]		[ ]		

	129		130		131		132		133	
99	[ ]		[ ]		[ ]		[ ]		[*]		
100	[ ]		 8		 0		 8		[ ]		
101	[ ]		[ ]		[ ]		[ ]		[ ]		

	26		27		28		29		30	
100	[ ]		[ ]		[ ]		[ ]		[ ]		
101	[ ]		 2		 9		 5		[ ]		
102	[ ]		[ ]		[ ]		[*]		[ ]		

	65		66		67		68		69	
100	[ ]		[ ]		[ ]		[ ]		[ ]		
101	[ ]		 9		 9		 8		[ ]		
102	[ ]		[ ]		[*]		[ ]		[ ]		

	71		72		73		74	
100	[ ]		[ ]		[*]		[ ]		
101	[ ]		 3		 4		[ ]		
102	[ ]		[ ]		[ ]		[ ]		

	3		4		5		6		7	
101	[ ]		[ ]		[ ]		[ ]		[ ]		
102	[ ]		 4		 5		 2		[ ]		
103	[ ]		[ ]		[ ]		[ ]		[*]		

	14		15		16		17		18	
101	[ ]		[ ]		[ ]		[ ]		[ ]		
102	[ ]		 4		 0		 7		[ ]		
103	[ ]		[*]		[ ]		[ ]		[ ]		

	87		88		89		90		91	
101	[ ]		[ ]		[ ]		[ ]		[ ]		
102	[ ]		 1		 2		 9		[ ]		
103	[*]		[ ]		[ ]		[ ]		[ ]		

	117		118		119		120		121	
101	[ ]		[ ]		[ ]		[ ]		[ ]		
102	[ ]		 7		 4		 4		[ ]		
103	[ ]		[ ]		[ ]		[ ]		[*]		

	7		8		9		10	
102	[ ]		[ ]		[ ]		[ ]		
103	[*]		 1		 7		[ ]		
104	[ ]		[ ]		[ ]		[ ]		

	26		27		28		29		30	
102	[ ]		[ ]		[ ]		[*]		[ ]		
103	[ ]		 1		 3		 6		[ ]		
104	[ ]		[ ]		[ ]		[ ]		[ ]		

	63		64		65		66		67	
102	[ ]		[ ]		[ ]		[ ]		[*]		
103	[ ]		 6		 3		 5		[ ]		
104	[ ]		[ ]		[ ]		[ ]		[ ]		

	100		101		102		103		104	
102	[ ]		[ ]		[ ]		[ ]		[ ]		
103	[ ]		 9		 6		 4		[ ]		
104	[ ]		[*]		[ ]		[ ]		[ ]		

	10		11		12		13		14	
103	[ ]		[ ]		[ ]		[ ]		[ ]		
104	[ ]		 3		 1		 4		[ ]		
105	[ ]		[ ]		[ ]		[ ]		[*]		

	15		16		17		18		19	
103	[*]		[ ]		[ ]		[ ]		[ ]		
104	[ ]		 4		 7		 1		[ ]		
105	[ ]		[ ]		[ ]		[ ]		[ ]		

	67		68		69		70		71	
103	[ ]		[ ]		[ ]		[ ]		[ ]		
104	[ ]		 6		 4		 0		[ ]		
105	[ ]		[ ]		[ ]		[ ]		[*]		

	84		85		86		87		88	
103	[ ]		[ ]		[ ]		[*]		[ ]		
104	[ ]		 3		 8		 7		[ ]		
105	[ ]		[ ]		[ ]		[ ]		[ ]		

	121		122		123		124		125	
103	[*]		[ ]		[ ]		[ ]		[ ]		
104	[ ]		 9		 7		 5		[ ]		
105	[ ]		[ ]		[ ]		[ ]		[ ]		

	35		36		37		38		39	
104	[ ]		[ ]		[ ]		[ ]		[ ]		
105	[ ]		 3		 7		 2		[ ]		
106	[ ]		[ ]		[ ]		[*]		[ ]		

	62		63		64		65		66	
104	[ ]		[ ]		[ ]		[ ]		[ ]		
105	[ ]		 7		 9		 9		[ ]		
106	[ ]		[ ]		[ ]		[ ]		[*]		

	95		96		97		98		99	
104	[ ]		[ ]		[ ]		[ ]		[ ]		
105	[ ]		 6		 6		 1		[ ]		
106	[ ]		[ ]		[ ]		[*]		[ ]		

	101		102		103		104		105	
104	[*]		[ ]		[ ]		[ ]		[ ]		
105	[ ]		 5		 3		 1		[ ]		
106	[ ]		[ ]		[ ]		[ ]		[ ]		

	110		111		112		113		114	
104	[ ]		[ ]		[ ]		[ ]		[ ]		
105	[ ]		 4		 6		 0		[ ]		
106	[*]		[ ]		[ ]		[ ]		[ ]		

	11		12		13		14	
105	[ ]		[ ]		[ ]		[*]		
106	[ ]		 9		 7		[ ]		
107	[ ]		[ ]		[ ]		[ ]		

	70		71		72		73		74	
105	[ ]		[*]		[ ]		[ ]		[ ]		
106	[ ]		 4		 2		 4		[ ]		
107	[ ]		[ ]		[ ]		[ ]		[ ]		

	2		3		4		5		6	
106	[ ]		[ ]		[ ]		[ ]		[ ]		
107	[ ]		 8		 0		 3		[ ]		
108	[ ]		[ ]		[ ]		[ ]		[*]		

	35		36		37		38		39	
106	[ ]		[ ]		[ ]		[*]		[ ]		
107	[ ]		 5		 2		 9		[ ]		
108	[ ]		[ ]		[ ]		[ ]		[ ]		

	64		65		66		67		68	
106	[ ]		[ ]		[*]		[ ]		[ ]		
107	[ ]		 8		 1		 0		[ ]		
108	[ ]		[ ]		[ ]		[ ]		[ ]		

	77		78		79		80		81	
106	[ ]		[ ]		[ ]		[ ]		[ ]		
107	[ ]		 8		 1		 0		[ ]		
108	[ ]		[ ]		[ ]		[ ]		[*]		

	98		99		100		101		102	
106	[*]		[ ]		[ ]		[ ]		[ ]		
107	[ ]		 1		 8		 3		[ ]		
108	[ ]		[ ]		[ ]		[ ]		[ ]		

	107		108		109		110		111	
106	[ ]		[ ]		[ ]		[*]		[ ]		
107	[ ]		 4		 2		 9		[ ]		
108	[ ]		[ ]		[ ]		[ ]		[ ]		

	113		114		115		116		117	
106	[ ]		[ ]		[ ]		[ ]		[ ]		
107	[ ]		 7		 3		 0		[*]		
108	[ ]		[ ]		[ ]		[ ]		[ ]		

	117		118		119		120	
106	[ ]		[ ]		[ ]		[ ]		
107	[*]		 5		 2		[ ]		
108	[ ]		[ ]		[ ]		[ ]		

	130		131		132		133		134	
106	[ ]		[ ]		[ ]		[ ]		[ ]		
107	[ ]		 6		 9		 6		[*]		
108	[ ]		[ ]		[ ]		[ ]		[ ]		

	134		135		136		137		138	
106	[ ]		[ ]		[ ]		[ ]		[ ]		
107	[*]		 4		 8		 1		[ ]		
108	[ ]		[ ]		[ ]		[ ]		[ ]		

	6		7		8		9	
107	[ ]		[ ]		[ ]		[ ]		
108	[*]		 8		 2		[ ]		
109	[ ]		[ ]		[ ]		[ ]		

	53		54		55		56		57	
107	[ ]		[ ]		[ ]		[ ]		[ ]		
108	[ ]		 7		 5		 4		[ ]		
109	[ ]		[ ]		[ ]		[ ]		[*]		

	81		82		83		84		85	
107	[ ]		[ ]		[ ]		[ ]		[ ]		
108	[*]		 8		 9		 3		[ ]		
109	[ ]		[ ]		[ ]		[ ]		[ ]		

	89		90		91		92		93	
107	[ ]		[ ]		[ ]		[ ]		[ ]		
108	[ ]		 1		 7		 6		[*]		
109	[ ]		[ ]		[ ]		[ ]		[ ]		

	47		48		49		50		51	
108	[ ]		[ ]		[ ]		[ ]		[ ]		
109	[ ]		 1		 1		 0		[*]		
110	[ ]		[ ]		[ ]		[ ]		[ ]		

	65		66		67		68		69	
108	[ ]		[ ]		[ ]		[ ]		[ ]		
109	[ ]		 7		 4		 9		[ ]		
110	[ ]		[ ]		[ ]		[*]		[ ]		

	93		94		95		96		97	
108	[*]		[ ]		[ ]		[ ]		[ ]		
109	[ ]		 3		 2		 5		[ ]		
110	[ ]		[ ]		[ ]		[ ]		[ ]		

	97		98		99		100		101	
108	[ ]		[ ]		[ ]		[ ]		[ ]		
109	[ ]		 8		 0		 3		[*]		
110	[ ]		[ ]		[ ]		[ ]		[ ]		

	129		130		131		132		133	
108	[ ]		[ ]		[ ]		[ ]		[ ]		
109	[ ]		 8		 2		 0		[*]		
110	[ ]		[ ]		[ ]		[ ]		[ ]		

	133		134		135		136		137	
108	[ ]		[ ]		[ ]		[ ]		[ ]		
109	[*]		 5		 4		 1		[ ]		
110	[ ]		[ ]		[ ]		[ ]		[ ]		

	5		6		7		8		9	
109	[ ]		[ ]		[ ]		[ ]		[ ]		
110	[ ]		 7		 3		 9		[*]		
111	[ ]		[ ]		[ ]		[ ]		[ ]		

	37		38		39	
109	[ ]		[ ]		[ ]		
110	[ ]		 4		[ ]		
111	[ ]		[*]		[ ]		

	51		52		53		54	
109	[*]		[ ]		[ ]		[ ]		
110	[ ]		 2		 1		[ ]		
111	[ ]		[ ]		[ ]		[ ]		

	54		55		56		57		58	
109	[ ]		[ ]		[ ]		[*]		[ ]		
110	[ ]		 3		 9		 6		[ ]		
111	[ ]		[ ]		[ ]		[ ]		[ ]		

	78		79		80		81		82	
109	[ ]		[ ]		[ ]		[ ]		[ ]		
110	[ ]		 8		 2		 2		[ ]		
111	[ ]		[ ]		[ ]		[ ]		[*]		

	82		83		84		85		86	
109	[ ]		[ ]		[ ]		[ ]		[ ]		
110	[ ]		 9		 3		 0		[ ]		
111	[*]		[ ]		[ ]		[ ]		[ ]		

	101		102		103		104		105	
109	[*]		[ ]		[ ]		[ ]		[ ]		
110	[ ]		 6		 8		 9		[ ]		
111	[ ]		[ ]		[ ]		[ ]		[ ]		

	118		119		120		121		122	
109	[ ]		[ ]		[ ]		[ ]		[ ]		
110	[ ]		 7		 7		 4		[ ]		
111	[ ]		[ ]		[ ]		[*]		[ ]		

	9		10		11		12		13	
110	[*]		[ ]		[ ]		[ ]		[ ]		
111	[ ]		 1		 1		 3		[ ]		
112	[ ]		[ ]		[ ]		[ ]		[ ]		

	47		48		49		50		51	
110	[ ]		[ ]		[ ]		[ ]		[ ]		
111	[ ]		 4		 7		 7		[ ]		
112	[ ]		[ ]		[ ]		[*]		[ ]		

	67		68		69		70		71	
110	[ ]		[*]		[ ]		[ ]		[ ]		
111	[ ]		 8		 8		 1		[ ]		
112	[ ]		[ ]		[ ]		[ ]		[ ]		

	36		37		38		39		40	
111	[ ]		[ ]		[*]		[ ]		[ ]		
112	[ ]		 8		 0		 9		[ ]		
113	[ ]		[ ]		[ ]		[ ]		[ ]		

	97		98		99		100		101	
111	[ ]		[ ]		[ ]		[ ]		[ ]		
112	[ ]		 9		 7		 9		[ ]		
113	[*]		[ ]		[ ]		[ ]		[ ]		

	103		104		105		106		107	
111	[ ]		[ ]		[ ]		[ ]		[ ]		
112	[ ]		 2		 3		 1		[ ]		
113	[ ]		[ ]		[ ]		[*]		[ ]		

	120		121		122		123		124	
111	[ ]		[*]		[ ]		[ ]		[ ]		
112	[ ]		 5		 4		 1		[ ]		
113	[ ]		[ ]		[ ]		[ ]		[ ]		

	40		41		42		43		44	
112	[ ]		[ ]		[ ]		[ ]		[ ]		
113	[ ]		 4		 5		 3		[ ]		
114	[ ]		[ ]		[*]		[ ]		[ ]		

	49		50		51		52		53	
112	[ ]		[*]		[ ]		[ ]		[ ]		
113	[ ]		 8		 1		 2		[ ]		
114	[ ]		[ ]		[ ]		[ ]		[ ]		

	55		56		57		58		59	
112	[ ]		[ ]		[ ]		[ ]		[ ]		
113	[ ]		 9		 9		 3		[ ]		
114	[ ]		[ ]		[ ]		[*]		[ ]		

	12		13		14	
113	[ ]		[ ]		[ ]		
114	[ ]		 9		[ ]		
115	[ ]		[ ]		[*]		

	45		46		47		48		49	
113	[ ]		[ ]		[ ]		[ ]		[ ]		
114	[ ]		 3		 6		 4		[ ]		
115	[ ]		[*]		[ ]		[ ]		[ ]		

	60		61		62		63		64	
113	[ ]		[ ]		[ ]		[ ]		[ ]		
114	[ ]		 2		 6		 6		[ ]		
115	[ ]		[ ]		[ ]		[*]		[ ]		

	71		72		73		74		75	
113	[ ]		[ ]		[ ]		[ ]		[ ]		
114	[ ]		 8		 0		 0		[ ]		
115	[ ]		[*]		[ ]		[ ]		[ ]		

	80		81		82		83		84	
113	[ ]		[ ]		[ ]		[ ]		[ ]		
114	[ ]		 8		 0		 5		[*]		
115	[ ]		[ ]		[ ]		[ ]		[ ]		

	84		85		86		87		88	
113	[ ]		[ ]		[ ]		[ ]		[ ]		
114	[*]		 1		 9		 7		[ ]		
115	[ ]		[ ]		[ ]		[ ]		[ ]		

	94		95		96		97		98	
113	[ ]		[ ]		[ ]		[*]		[ ]		
114	[ ]		 7		 5		 8		[ ]		
115	[ ]		[ ]		[ ]		[ ]		[ ]		

	106		107		108		109		110	
113	[*]		[ ]		[ ]		[ ]		[ ]		
114	[ ]		 3		 9		 0		[ ]		
115	[ ]		[ ]		[ ]		[ ]		[ ]		

	125		126		127		128		129	
113	[ ]		[ ]		[ ]		[ ]		[ ]		
114	[ ]		 3		 2		 9		[ ]		
115	[ ]		[*]		[ ]		[ ]		[ ]		

	14		15		16		17		18	
114	[ ]		[ ]		[ ]		[ ]		[ ]		
115	[*]		 9		 5		 4		[ ]		
116	[ ]		[ ]		[ ]		[ ]		[ ]		

	40		41		42		43		44	
114	[ ]		[ ]		[*]		[ ]		[ ]		
115	[ ]		 3		 5		 8		[ ]		
116	[ ]		[ ]		[ ]		[ ]		[ ]		

	56		57		58		59		60	
114	[ ]		[ ]		[*]		[ ]		[ ]		
115	[ ]		 8		 5		 9		[ ]		
116	[ ]		[ ]		[ ]		[ ]		[ ]		

	76		77		78		79		80	
114	[ ]		[ ]		[ ]		[ ]		[ ]		
115	[ ]		 8		 4		 8		[ ]		
116	[ ]		[ ]		[ ]		[ ]		[*]		

	129		130		131		132	
114	[ ]		[ ]		[ ]		[ ]		
115	[ ]		 4		 3		[ ]		
116	[*]		[ ]		[ ]		[ ]		

	132		133		134		135		136	
114	[ ]		[ ]		[ ]		[ ]		[ ]		
115	[ ]		 6		 7		 1		[ ]		
116	[ ]		[ ]		[ ]		[ ]		[*]		

	8		9		10		11		12	
115	[ ]		[ ]		[ ]		[ ]		[ ]		
116	[ ]		 1		 0		 7		[ ]		
117	[ ]		[ ]		[ ]		[ ]		[*]		

	19		20		21		22		23	
115	[ ]		[ ]		[ ]		[ ]		[ ]		
116	[ ]		 5		 9		 6		[ ]		
117	[*]		[ ]		[ ]		[ ]		[ ]		

	44		45		46		47		48	
115	[ ]		[ ]		[*]		[ ]		[ ]		
116	[ ]		 5		 5		 5		[ ]		
117	[ ]		[ ]		[ ]		[ ]		[ ]		

	61		62		63		64		65	
115	[ ]		[ ]		[*]		[ ]		[ ]		
116	[ ]		 8		 2		 4		[ ]		
117	[ ]		[ ]		[ ]		[ ]		[ ]		

	71		72		73		74		75	
115	[ ]		[*]		[ ]		[ ]		[ ]		
116	[ ]		 2		 0		 7		[ ]		
117	[ ]		[ ]		[ ]		[ ]		[ ]		

	90		91		92		93		94	
115	[ ]		[ ]		[ ]		[ ]		[ ]		
116	[ ]		 3		 5		 2		[*]		
117	[ ]		[ ]		[ ]		[ ]		[ ]		

	122		123		124		125		126	
115	[ ]		[ ]		[ ]		[ ]		[*]		
116	[ ]		 8		 4		 8		[ ]		
117	[ ]		[ ]		[ ]		[ ]		[ ]		

	77		78		79		80		81	
116	[ ]		[ ]		[ ]		[*]		[ ]		
117	[ ]		 8		 9		 8		[ ]		
118	[ ]		[ ]		[ ]		[ ]		[ ]		

	94		95		96		97		98	
116	[*]		[ ]		[ ]		[ ]		[ ]		
117	[ ]		 3		 0		 7		[ ]		
118	[ ]		[ ]		[ ]		[ ]		[ ]		

	128		129		130		131		132	
116	[ ]		[*]		[ ]		[ ]		[ ]		
117	[ ]		 7		 3		 5		[ ]		
118	[ ]		[ ]		[ ]		[ ]		[ ]		

	134		135		136		137		138	
116	[ ]		[ ]		[*]		[ ]		[ ]		
117	[ ]		 5		 8		 4		[ ]		
118	[ ]		[ ]		[ ]		[ ]		[ ]		

	10		11		12		13		14	
117	[ ]		[ ]		[*]		[ ]		[ ]		
118	[ ]		 7		 3		 4		[ ]		
119	[ ]		[ ]		[ ]		[ ]		[ ]		

	16		17		18		19		20	
117	[ ]		[ ]		[ ]		[*]		[ ]		
118	[ ]		 4		 6		 3		[ ]		
119	[ ]		[ ]		[ ]		[ ]		[ ]		

	59		60		61		62		63	
117	[ ]		[ ]		[ ]		[ ]		[ ]		
118	[ ]		 6		 3		 3		[*]		
119	[ ]		[ ]		[ ]		[ ]		[ ]		

	63		64		65		66		67	
118	[*]		[ ]		[ ]		[ ]		[ ]		
119	[ ]		 5		 2		 2		[ ]		
120	[ ]		[ ]		[ ]		[ ]		[ ]		

	8		9		10		11		12	
119	[ ]		[ ]		[ ]		[ ]		[ ]		
120	[ ]		 3		 6		 8		[*]		
121	[ ]		[ ]		[ ]		[ ]		[ ]		

	12		13		14		15		16	
119	[ ]		[ ]		[ ]		[ ]		[ ]		
120	[*]		 9		 0		 1		[ ]		
121	[ ]		[ ]		[ ]		[ ]		[ ]		

	34		35		36		37		38	
119	[ ]		[ ]		[ ]		[ ]		[ ]		
120	[ ]		 1		 2		 0		[ ]		
121	[ ]		[ ]		[*]		[ ]		[ ]		

	54		55		56		57		58	
119	[ ]		[ ]		[ ]		[ ]		[ ]		
120	[ ]		 7		 8		 3		[ ]		
121	[ ]		[ ]		[*]		[ ]		[ ]		

	111		112		113		114		115	
119	[ ]		[ ]		[ ]		[ ]		[ ]		
120	[ ]		 1		 6		 3		[ ]		
121	[ ]		[*]		[ ]		[ ]		[ ]		

	127		128		129		130		131	
119	[ ]		[ ]		[ ]		[ ]		[ ]		
120	[ ]		 3		 4		 8		[ ]		
121	[ ]		[ ]		[ ]		[*]		[ ]		

	24		25		26		27	
120	[ ]		[ ]		[ ]		[ ]		
121	[ ]		 1		 0		[ ]		
122	[*]		[ ]		[ ]		[ ]		

	28		29		30		31		32	
120	[ ]		[ ]		[ ]		[ ]		[ ]		
121	[ ]		 8		 7		 4		[ ]		
122	[ ]		[ ]		[ ]		[ ]		[*]		

	88		89		90		91		92	
120	[ ]		[ ]		[ ]		[ ]		[ ]		
121	[ ]		 8		 2		 6		[ ]		
122	[ ]		[ ]		[*]		[ ]		[ ]		

	99		100		101		102		103	
120	[ ]		[ ]		[ ]		[ ]		[ ]		
121	[*]		 4		 4		 0		[ ]		
122	[ ]		[ ]		[ ]		[ ]		[ ]		

	115		116		117		118		119	
120	[ ]		[ ]		[ ]		[ ]		[ ]		
121	[ ]		 6		 3		 1		[ ]		
122	[ ]		[*]		[ ]		[ ]		[ ]		

	34		35		36		37		38	
121	[ ]		[ ]		[*]		[ ]		[ ]		
122	[ ]		 6		 6		 5		[ ]		
123	[ ]		[ ]		[ ]		[ ]		[ ]		

	56		57		58		59		60	
121	[*]		[ ]		[ ]		[ ]		[ ]		
122	[ ]		 4		 8		 6		[ ]		
123	[ ]		[ ]		[ ]		[ ]		[ ]		

	95		96		97		98		99	
121	[ ]		[ ]		[ ]		[ ]		[*]		
122	[ ]		 3		 6		 9		[ ]		
123	[ ]		[ ]		[ ]		[ ]		[ ]		

	111		112		113		114		115	
121	[ ]		[*]		[ ]		[ ]		[ ]		
122	[ ]		 8		 9		 0		[ ]		
123	[ ]		[ ]		[ ]		[ ]		[ ]		

	128		129		130		131		132	
121	[ ]		[ ]		[*]		[ ]		[ ]		
122	[ ]		 1		 0		 0		[ ]		
123	[ ]		[ ]		[ ]		[ ]		[ ]		

	5		6		7		8		9	
122	[ ]		[ ]		[ ]		[ ]		[ ]		
123	[ ]		 6		 6		 4		[ ]		
124	[ ]		[ ]		[ ]		[*]		[ ]		

	24		25		26		27	
122	[*]		[ ]		[ ]		[ ]		
123	[ ]		 4		 9		[ ]		
124	[ ]		[ ]		[ ]		[ ]		

	30		31		32		33		34	
122	[ ]		[ ]		[*]		[ ]		[ ]		
123	[ ]		 8		 5		 9		[ ]		
124	[ ]		[ ]		[ ]		[ ]		[ ]		

	73		74		75		76		77	
122	[ ]		[ ]		[ ]		[ ]		[ ]		
123	[ ]		 9		 0		 5		[ ]		
124	[*]		[ ]		[ ]		[ ]		[ ]		

	88		89		90		91		92	
122	[ ]		[ ]		[*]		[ ]		[ ]		
123	[ ]		 5		 9		 5		[ ]		
124	[ ]		[ ]		[ ]		[ ]		[ ]		

	115		116		117		118		119	
122	[ ]		[*]		[ ]		[ ]		[ ]		
123	[ ]		 7		 4		 2		[ ]		
124	[ ]		[ ]		[ ]		[ ]		[ ]		

	51		52		53		54		55	
123	[ ]		[ ]		[ ]		[ ]		[ ]		
124	[ ]		 1		 2		 0		[ ]		
125	[ ]		[ ]		[ ]		[*]		[ ]		

	66		67		68		69	
123	[ ]		[ ]		[ ]		[ ]		
124	[ ]		 8		 0		[ ]		
125	[*]		[ ]		[ ]		[ ]		

	92		93		94		95		96	
123	[ ]		[ ]		[ ]		[ ]		[ ]		
124	[ ]		 8		 2		 3		[ ]		
125	[*]		[ ]		[ ]		[ ]		[ ]		

	122		123		124		125		126	
123	[ ]		[ ]		[ ]		[ ]		[ ]		
124	[ ]		 8		 9		 3		[ ]		
125	[ ]		[ ]		[ ]		[ ]		[*]		

	7		8		9		10		11	
124	[ ]		[*]		[ ]		[ ]		[ ]		
125	[ ]		 7		 4		 8		[ ]		
126	[ ]		[ ]		[ ]		[ ]		[ ]		

	11		12		13		14		15	
124	[ ]		[ ]		[ ]		[ ]		[ ]		
125	[ ]		 1		 7		 8		[ ]		
126	[ ]		[ ]		[ ]		[*]		[ ]		

	15		16		17		18	
124	[ ]		[ ]		[ ]		[ ]		
125	[ ]		 5		 0		[*]		
126	[ ]		[ ]		[ ]		[ ]		

	18		19		20		21		22	
124	[ ]		[ ]		[ ]		[ ]		[ ]		
125	[*]		 4		 7		 9		[ ]		
126	[ ]		[ ]		[ ]		[ ]		[ ]		

	70		71		72		73		74	
124	[ ]		[ ]		[ ]		[*]		[ ]		
125	[ ]		 8		 0		 8		[ ]		
126	[ ]		[ ]		[ ]		[ ]		[ ]		

	82		83		84		85		86	
124	[ ]		[ ]		[ ]		[ ]		[ ]		
125	[ ]		 3		 0		 5		[ ]		
126	[ ]		[*]		[ ]		[ ]		[ ]		

	126		127		128		129		130	
124	[ ]		[ ]		[ ]		[ ]		[ ]		
125	[*]		 6		 3		 4		[ ]		
126	[ ]		[ ]		[ ]		[ ]		[ ]		

	50		51		52		53		54	
125	[ ]		[ ]		[ ]		[ ]		[*]		
126	[ ]		 5		 7		 5		[ ]		
127	[ ]		[ ]		[ ]		[ ]		[ ]		

	64		65		66		67		68	
125	[ ]		[ ]		[*]		[ ]		[ ]		
126	[ ]		 7		 5		 6		[ ]		
127	[ ]		[ ]		[ ]		[ ]		[ ]		

	92		93		94		95		96	
125	[*]		[ ]		[ ]		[ ]		[ ]		
126	[ ]		 5		 4		 6		[ ]		
127	[ ]		[ ]		[ ]		[ ]		[ ]		

	110		111		112		113		114	
125	[ ]		[ ]		[ ]		[ ]		[ ]		
126	[*]		 1		 2		 4		[ ]		
127	[ ]		[ ]		[ ]		[ ]		[ ]		

	120		121		122		123		124	
125	[ ]		[ ]		[ ]		[ ]		[ ]		
126	[ ]		 7		 5		 8		[ ]		
127	[ ]		[*]		[ ]		[ ]		[ ]		

	12		13		14		15	
126	[ ]		[ ]		[*]		[ ]		
127	[ ]		 7		 0		[ ]		
128	[ ]		[ ]		[ ]		[ ]		

	54		55		56		57	
126	[ ]		[ ]		[ ]		[ ]		
127	[ ]		 1		 2		[ ]		
128	[ ]		[ ]		[*]		[ ]		

	80		81		82		83		84	
126	[ ]		[ ]		[ ]		[*]		[ ]		
127	[ ]		 7		 4		 2		[ ]		
128	[ ]		[ ]		[ ]		[ ]		[ ]		

	106		107		108		109		110	
126	[ ]		[ ]		[ ]		[ ]		[*]		
127	[ ]		 4		 0		 5		[ ]		
128	[ ]		[ ]		[ ]		[ ]		[ ]		

	34		35		36		37		38	
127	[ ]		[ ]		[ ]		[ ]		[ ]		
128	[ ]		 6		 1		 7		[ ]		
129	[ ]		[ ]		[*]		[ ]		[ ]		

	48		49		50		51		52	
127	[ ]		[ ]		[ ]		[ ]		[ ]		
128	[ ]		 9		 5		 8		[ ]		
129	[ ]		[ ]		[ ]		[*]		[ ]		

	121		122		123		124		125	
127	[*]		[ ]		[ ]		[ ]		[ ]		
128	[ ]		 5		 0		 2		[ ]		
129	[ ]		[ ]		[ ]		[ ]		[ ]		

	10		11		12		13	
128	[ ]		[ ]		[ ]		[ ]		
129	[ ]		 4		 7		[ ]		
130	[ ]		[*]		[ ]		[ ]		

	52		53		54		55		56	
128	[ ]		[ ]		[ ]		[ ]		[*]		
129	[ ]		 6		 2		 2		[ ]		
130	[ ]		[ ]		[ ]		[ ]		[ ]		

	92		93		94		95		96	
128	[ ]		[ ]		[ ]		[ ]		[ ]		
129	[ ]		 7		 8		 5		[ ]		
130	[ ]		[ ]		[ ]		[*]		[ ]		

	35		36		37		38		39	
129	[ ]		[*]		[ ]		[ ]		[ ]		
130	[ ]		 5		 5		 5		[ ]		
131	[ ]		[ ]		[ ]		[ ]		[ ]		

	48		49		50		51		52	
129	[ ]		[ ]		[ ]		[*]		[ ]		
130	[ ]		 8		 9		 3		[ ]		
131	[ ]		[ ]		[ ]		[ ]		[ ]		

	100		101		102		103		104	
129	[ ]		[ ]		[ ]		[ ]		[ ]		
130	[ ]		 9		 4		 2		[ ]		
131	[ ]		[ ]		[ ]		[*]		[ ]		

	8		9		10		11		12	
130	[ ]		[ ]		[ ]		[*]		[ ]		
131	[ ]		 3		 9		 0		[ ]		
132	[ ]		[ ]		[ ]		[ ]		[ ]		

	14		15		16		17		18	
130	[ ]		[ ]		[ ]		[ ]		[ ]		
131	[ ]		 7		 6		 5		[ ]		
132	[ ]		[ ]		[*]		[ ]		[ ]		

	52		53		54		55		56	
130	[ ]		[ ]		[ ]		[ ]		[ ]		
131	[ ]		 8		 8		 5		[ ]		
132	[ ]		[ ]		[ ]		[*]		[ ]		

	93		94		95		96		97	
130	[ ]		[ ]		[*]		[ ]		[ ]		
131	[ ]		 6		 3		 6		[ ]		
132	[ ]		[ ]		[ ]		[ ]		[ ]		

	48		49		50		51		52	
131	[ ]		[ ]		[ ]		[ ]		[ ]		
132	[ ]		 9		 5		 9		[ ]		
133	[ ]		[ ]		[ ]		[*]		[ ]		

	99		100		101		102		103	
131	[ ]		[ ]		[ ]		[ ]		[*]		
132	[ ]		 5		 7		 6		[ ]		
133	[ ]		[ ]		[ ]		[ ]		[ ]		

	118		119		120		121		122	
131	[ ]		[ ]		[ ]		[ ]		[ ]		
132	[ ]		 6		 9		 8		[ ]		
133	[ ]		[*]		[ ]		[ ]		[ ]		

	14		15		16		17		18	
132	[ ]		[ ]		[*]		[ ]		[ ]		
133	[ ]		 3		 0		 7		[ ]		
134	[ ]		[ ]		[ ]		[ ]		[ ]		

	54		55		56		57		58	
132	[ ]		[*]		[ ]		[ ]		[ ]		
133	[ ]		 3		 2		 4		[ ]		
134	[ ]		[ ]		[ ]		[ ]		[ ]		

	88		89		90		91		92	
132	[ ]		[ ]		[ ]		[ ]		[*]		
133	[ ]		 1		 3		 4		[ ]		
134	[ ]		[ ]		[ ]		[ ]		[ ]		

	92		93		94		95		96	
132	[*]		[ ]		[ ]		[ ]		[ ]		
133	[ ]		 6		 2		 5		[ ]		
134	[ ]		[ ]		[ ]		[ ]		[ ]		

	48		49		50		51	
133	[ ]		[ ]		[ ]		[*]		
134	[ ]		 6		 3		[ ]		
135	[ ]		[ ]		[ ]		[ ]		

	99		100		101		102		103	
133	[ ]		[ ]		[ ]		[ ]		[ ]		
134	[ ]		 4		 6		 2		[ ]		
135	[*]		[ ]		[ ]		[ ]		[ ]		

	119		120		121		122		123	
133	[*]		[ ]		[ ]		[ ]		[ ]		
134	[ ]		 8		 2		 2		[ ]		
135	[ ]		[ ]		[ ]		[ ]		[ ]		

	134		135		136		137		138	
133	[ ]		[ ]		[ ]		[ ]		[ ]		
134	[ ]		 6		 8		 1		[ ]		
135	[ ]		[*]		[ ]		[ ]		[ ]		

	95		96		97		98		99	
134	[ ]		[ ]		[ ]		[ ]		[ ]		
135	[ ]		 5		 5		 0		[*]		
136	[ ]		[ ]		[ ]		[ ]		[ ]		

	111		112		113		114		115	
134	[ ]		[ ]		[ ]		[ ]		[ ]		
135	[ ]		 6		 6		 5		[ ]		
136	[ ]		[ ]		[*]		[ ]		[ ]		

	0		1		2		3		4	
135	[ ]		[ ]		[ ]		[ ]		[ ]		
136	[ ]		 7		 8		 0		[ ]		
137	[ ]		[ ]		[ ]		[ ]		[*]		

	29		30		31		32		33	
135	[ ]		[ ]		[ ]		[ ]		[ ]		
136	[ ]		 8		 1		 1		[ ]		
137	[*]		[ ]		[ ]		[ ]		[ ]		

	135		136		137		138		139	
135	[*]		[ ]		[ ]		[ ]		[ ]		
136	[ ]		 2		 4		 5		[ ]		
137	[ ]		[ ]		[ ]		[ ]		[ ]		

	48		49		50		51		52	
136	[ ]		[ ]		[ ]		[ ]		[ ]		
137	[ ]		 2		 1		 3		[ ]		
138	[ ]		[ ]		[ ]		[*]		[ ]		

	74		75		76		77		78	
136	[ ]		[ ]		[ ]		[ ]		[ ]		
137	[ ]		 7		 2		 6		[ ]		
138	[ ]		[ ]		[*]		[ ]		[ ]		

	82		83		84		85		86	
136	[ ]		[ ]		[ ]		[ ]		[ ]		
137	[ ]		 7		 3		 9		[ ]		
138	[ ]		[ ]		[*]		[ ]		[ ]		

	88		89		90		91		92	
136	[ ]		[ ]		[ ]		[ ]		[ ]		
137	[ ]		 7		 9		 1		[ ]		
138	[ ]		[ ]		[ ]		[*]		[ ]		

	94		95		96		97		98	
136	[ ]		[ ]		[ ]		[ ]		[ ]		
137	[ ]		 3		 8		 7		[ ]		
138	[*]		[ ]		[ ]		[ ]		[ ]		

	113		114		115		116		117	
136	[*]		[ ]		[ ]		[ ]		[ ]		
137	[ ]		 9		 2		 4		[ ]		
138	[ ]		[ ]		[ ]		[ ]		[ ]		

	131		132		133		134		135	
136	[ ]		[ ]		[ ]		[ ]		[ ]		
137	[ ]		 2		 8		 1		[ ]		
138	[ ]		[ ]		[*]		[ ]		[ ]		

	1		2		3		4		5	
137	[ ]		[ ]		[ ]		[*]		[ ]		
138	[ ]		 1		 3		 9		[ ]		
139	[ ]		[ ]		[ ]		[ ]		[ ]		

	26		27		28		29		30	
137	[ ]		[ ]		[ ]		[*]		[ ]		
138	[ ]		 3		 1		 6		[ ]		
139	[ ]		[ ]		[ ]		[ ]		[ ]		

	61		62		63		64		65	
137	[ ]		[ ]		[ ]		[ ]		[ ]		
138	[ ]		 6		 7		 8		[*]		
139	[ ]		[ ]		[ ]		[ ]		[ ]		

	51		52		53		54		55	
138	[*]		[ ]		[ ]		[ ]		[ ]		
139	[ ]		 1		 8		 6		[ ]		
140	[ ]		[ ]		[ ]		[ ]		[ ]		

	65		66		67		68		69	
138	[*]		[ ]		[ ]		[ ]		[ ]		
139	[ ]		 6		 4		 0		[ ]		
140	[ ]		[ ]		[ ]		[ ]		[ ]		

	74		75		76		77		78	
138	[ ]		[ ]		[*]		[ ]		[ ]		
139	[ ]		 3		 8		 8		[ ]		
140	[ ]		[ ]		[ ]		[ ]		[ ]		

	84		85		86		87		88	
138	[*]		[ ]		[ ]		[ ]		[ ]		
139	[ ]		 4		 1		 5		[ ]		
140	[ ]		[ ]		[ ]		[ ]		[ ]		

	91		92		93	
138	[*]		[ ]		[ ]		
139	[ ]		 4		[ ]		
140	[ ]		[ ]		[ ]		

	94		95		96		97	
138	[*]		[ ]		[ ]		[ ]		
139	[ ]		 3		 6		[ ]		
140	[ ]		[ ]		[ ]		[ ]		

	129		130		131		132		133	
138	[ ]		[ ]		[ ]		[ ]		[*]		
139	[ ]		 3		 0		 3		[ ]		
140	[ ]		[ ]		[ ]		[ ]		[ ]		

